/*--------------------------------*- C++ -*----------------------------------*\
  =========                 |
  \\      /  F ield         | OpenFOAM: The Open Source CFD Toolbox
   \\    /   O peration     | Website:  https://openfoam.org
    \\  /    A nd           | Version:  6
     \\/     M anipulation  |
\*---------------------------------------------------------------------------*/
FoamFile
{
    version     2.0;
    format      ascii;
    class       surfaceScalarField;
    location    "0";
    object      phi;
}
// * * * * * * * * * * * * * * * * * * * * * * * * * * * * * * * * * * * * * //

dimensions      [0 3 -1 0 0 0 0];

internalField   nonuniform List<scalar> 
5457
(
0.198127
0.00187266
0.19626
0.00186752
0.194361
0.00189854
0.192398
0.00196328
0.190337
0.00206054
0.188147
0.00219014
0.185795
0.00235276
0.183245
0.00254984
0.180461
0.00278347
0.177405
0.00305625
0.174034
0.00337127
0.170302
0.00373192
0.16616
0.00414174
0.161556
0.00460412
0.156434
0.00512196
0.150737
0.0056972
0.144407
0.00633018
0.137388
0.00701885
0.12963
0.00775792
0.121092
0.0085379
0.111748
0.00934424
0.101591
0.0101567
0.0906414
0.0109496
0.0789495
0.0116919
0.0665994
0.0123501
0.0537095
0.01289
0.0404283
0.0132812
0.0269274
0.0135009
0.0133904
0.013537
0.0133904
0.198137
0.00373558
0.196279
0.00372517
0.194391
0.00378672
0.192439
0.00391533
0.190391
0.00410863
0.188215
0.00436625
0.185878
0.00468953
0.183347
0.00508129
0.180585
0.00554566
0.177553
0.00608785
0.17421
0.00671401
0.170511
0.00743095
0.166407
0.00824577
0.161846
0.00916541
0.156772
0.0101959
0.151128
0.0113415
0.144854
0.0126035
0.137895
0.0139784
0.130196
0.0154567
0.121713
0.0170205
0.112416
0.0186418
0.102291
0.0202811
0.0913536
0.0218874
0.0796468
0.0233988
0.0672505
0.0247464
0.0542808
0.0258596
0.0408877
0.0266742
0.0272482
0.0271404
0.0135544
0.0272308
0.0269448
0.198156
0.00557918
0.196318
0.00556318
0.194451
0.00565423
0.192521
0.00584504
0.190498
0.00613199
0.18835
0.0065145
0.186045
0.0069945
0.18355
0.00757616
0.18083
0.00826556
0.177847
0.00907046
0.174561
0.01
0.170928
0.0110645
0.166899
0.0122747
0.162423
0.0136413
0.157445
0.0151739
0.151907
0.0168799
0.145748
0.0187624
0.138908
0.0208182
0.131329
0.0230352
0.122961
0.0253894
0.113761
0.0278417
0.103706
0.0303358
0.0927968
0.0327965
0.081065
0.0351306
0.0685796
0.0372318
0.0554513
0.0389879
0.041832
0.0402934
0.0279091
0.0410634
0.0138928
0.0412471
0.0408376
0.198185
0.00739399
0.196376
0.00737196
0.19454
0.00749103
0.192643
0.00774151
0.190657
0.00811857
0.18855
0.00862133
0.186292
0.00925226
0.183851
0.0100167
0.181194
0.0109227
0.178284
0.0119803
0.175083
0.0132017
0.171547
0.0146007
0.16763
0.0161917
0.163281
0.0179896
0.158447
0.0200082
0.153068
0.0222589
0.147082
0.0247481
0.140425
0.0274751
0.133033
0.030428
0.124842
0.0335801
0.115798
0.0368852
0.105861
0.0402735
0.0950086
0.0436486
0.0832524
0.0468869
0.0706428
0.0498414
0.0572795
0.0523512
0.0433151
0.0542579
0.0289515
0.055427
0.014428
0.0557705
0.0552656
0.198223
0.00917087
0.196453
0.00914224
0.194657
0.00928737
0.192804
0.00959426
0.190866
0.0100568
0.188813
0.0106737
0.186617
0.011448
0.184248
0.0123859
0.181674
0.0134973
0.178859
0.0147945
0.175769
0.0162926
0.172361
0.0180086
0.168591
0.019961
0.164412
0.022169
0.159769
0.0246515
0.154603
0.0274246
0.148851
0.0305003
0.142443
0.0338827
0.135307
0.0375639
0.127368
0.0415192
0.118553
0.0457006
0.108795
0.050031
0.0980461
0.0543978
0.0862838
0.0586492
0.0735292
0.062596
0.0598607
0.0660197
0.045426
0.0686927
0.0304448
0.0704082
0.0151979
0.0710174
0.0704635
0.19827
0.010901
0.196547
0.0108651
0.1948
0.0110339
0.193001
0.0113932
0.191123
0.0119356
0.189137
0.0126593
0.187018
0.0135675
0.184736
0.0146676
0.182262
0.0159708
0.179566
0.0174914
0.176611
0.0192473
0.173361
0.0212587
0.169773
0.0235482
0.165803
0.0261396
0.161397
0.029057
0.156499
0.0323231
0.151042
0.0359571
0.144954
0.0399708
0.138153
0.0443648
0.13055
0.0491219
0.122051
0.0542001
0.112559
0.0595233
0.101985
0.0649713
0.0902632
0.0703711
0.077367
0.0754922
0.0633363
0.0800504
0.0483013
0.0837277
0.0324978
0.0862116
0.0162628
0.0872524
0.0867264
0.198325
0.0125761
0.196658
0.0125321
0.19497
0.0127219
0.193234
0.0131289
0.191425
0.0137445
0.189518
0.0145664
0.187488
0.0155978
0.185309
0.0168468
0.182954
0.0183257
0.180394
0.0200509
0.177599
0.0220424
0.174535
0.0243236
0.171162
0.0269209
0.167438
0.0298629
0.163316
0.0331796
0.158738
0.0369012
0.153639
0.0410556
0.147944
0.0456657
0.141564
0.0507448
0.134396
0.0562904
0.126321
0.0622753
0.117207
0.0686365
0.106919
0.0752598
0.0953256
0.0819643
0.0823313
0.0884865
0.0679088
0.0944729
0.0521443
0.0994921
0.0352782
0.103078
0.0177175
0.104813
0.104444
0.198388
0.0141883
0.196785
0.0141353
0.195163
0.014343
0.1935
0.0147926
0.19177
0.015474
0.189952
0.0163843
0.188024
0.0175267
0.185961
0.0189096
0.18374
0.0205462
0.181337
0.0224545
0.178723
0.0246563
0.175868
0.0271779
0.17274
0.0300492
0.1693
0.0333034
0.165503
0.0369767
0.161297
0.0411071
0.156619
0.045733
0.151394
0.0508909
0.145528
0.0566113
0.138905
0.0629132
0.131385
0.0697952
0.122799
0.0772219
0.112954
0.0851056
0.101638
0.09328
0.0886541
0.10147
0.0738629
0.109264
0.0572573
0.116098
0.039046
0.121289
0.0197138
0.124145
0.124158
0.198458
0.0157304
0.196926
0.0156675
0.195379
0.0158897
0.193796
0.0163761
0.192154
0.0171153
0.190435
0.0181034
0.188618
0.0193434
0.186684
0.0208438
0.184612
0.0226183
0.182381
0.0246859
0.179967
0.0270701
0.177346
0.0297992
0.174489
0.0329063
0.171363
0.0364288
0.167931
0.0404087
0.164146
0.0448921
0.159951
0.0499285
0.155272
0.0555695
0.150017
0.0618667
0.144063
0.0688669
0.137253
0.0766051
0.129384
0.0850912
0.1202
0.0942895
0.109395
0.104085
0.0966317
0.114234
0.0815939
0.124302
0.0640912
0.133601
0.0442151
0.141165
0.0225048
0.145856
0.146662
0.198535
0.0171957
0.19708
0.017122
0.195615
0.0173551
0.194119
0.0178722
0.192573
0.0186605
0.190962
0.0197152
0.189267
0.0210384
0.187472
0.0226386
0.18556
0.0245298
0.183515
0.0267312
0.181318
0.0292675
0.178948
0.0321684
0.176385
0.0354693
0.173603
0.0392112
0.170571
0.043441
0.16725
0.0482124
0.163593
0.0535855
0.159535
0.0596276
0.154989
0.0664129
0.149836
0.0740204
0.14391
0.0825305
0.136986
0.0920156
0.128754
0.102522
0.118804
0.114034
0.106626
0.126412
0.0916408
0.139287
0.0733256
0.151916
0.051466
0.163025
0.0265348
0.170787
0.173197
0.198617
0.0185785
0.197246
0.0184929
0.195868
0.0187332
0.194466
0.0192747
0.193023
0.020103
0.191526
0.0212122
0.189961
0.0226037
0.188314
0.0242853
0.186573
0.0262707
0.184726
0.0285791
0.182758
0.0312353
0.180656
0.03427
0.178406
0.0377198
0.175989
0.0416279
0.173385
0.0460452
0.170566
0.0510311
0.167496
0.056655
0.164126
0.0629984
0.160382
0.0701569
0.156159
0.0782427
0.151304
0.0873858
0.145586
0.0977333
0.138667
0.109441
0.130052
0.122649
0.119043
0.137421
0.104713
0.153617
0.0859858
0.170643
0.0619588
0.187052
0.032643
0.200102
0.20584
0.198705
0.0198735
0.197423
0.019775
0.196137
0.0200187
0.194834
0.020578
0.1935
0.021437
0.192124
0.0225885
0.190695
0.0240328
0.189203
0.0257768
0.187641
0.0278333
0.185999
0.0302209
0.18427
0.032964
0.182447
0.0360929
0.180523
0.0396444
0.178488
0.0436627
0.176332
0.0482005
0.174043
0.0533207
0.171599
0.0590991
0.16897
0.0656277
0.166107
0.0730195
0.162935
0.0814151
0.159329
0.0909909
0.155093
0.10197
0.149904
0.11463
0.143239
0.129313
0.134263
0.146397
0.121674
0.166206
0.103592
0.188725
0.0777433
0.212901
0.0425611
0.235285
0.248401
0.198797
0.0210762
0.197608
0.020964
0.19642
0.0212073
0.19522
0.0217778
0.193999
0.022658
0.192748
0.0238394
0.19146
0.0253209
0.190129
0.027108
0.18875
0.0292122
0.18732
0.031651
0.185837
0.0344473
0.184299
0.0376302
0.182708
0.0412355
0.181065
0.0453062
0.17937
0.0498949
0.177626
0.0550648
0.175831
0.0608941
0.173979
0.0674797
0.172054
0.0749443
0.170023
0.0834466
0.167818
0.0931956
0.165314
0.104474
0.162276
0.117668
0.158269
0.133321
0.152478
0.152188
0.143389
0.175295
0.128258
0.203856
0.102513
0.238646
0.0602609
0.277536
0.308662
0.198893
0.0221832
0.197801
0.0220563
0.196713
0.0222954
0.19562
0.0228705
0.194515
0.0237625
0.193393
0.0249614
0.19225
0.0264645
0.191082
0.0282756
0.18989
0.0304045
0.188674
0.0328666
0.187439
0.0356828
0.186189
0.0388799
0.184933
0.042491
0.183683
0.0465567
0.182452
0.0511262
0.181256
0.0562603
0.180116
0.062034
0.179054
0.0685423
0.178091
0.0759073
0.177247
0.0842901
0.176534
0.0939091
0.175937
0.10507
0.17539
0.118215
0.1747
0.134011
0.173382
0.153507
0.170244
0.178433
0.162373
0.211727
0.142747
0.258272
0.0959763
0.324307
0.404639
0.198992
0.0231914
0.197999
0.0230491
0.197014
0.0232803
0.196031
0.0238536
0.195045
0.0247483
0.194054
0.0259526
0.193057
0.027462
0.192054
0.0292785
0.191049
0.0314095
0.190047
0.0338679
0.189058
0.0366718
0.188094
0.0398445
0.18717
0.0434152
0.186306
0.04742
0.18553
0.0519027
0.184873
0.0569175
0.184375
0.0625317
0.184087
0.0688304
0.184071
0.0759235
0.184404
0.0839567
0.185185
0.0931284
0.186536
0.103718
0.188616
0.116136
0.191613
0.131013
0.195734
0.149387
0.201047
0.17312
0.206775
0.205999
0.207928
0.257119
0.179378
0.352857
0.584016
0.0132448
-0.0132448
0.0266324
-0.0133876
0.0399795
-0.0133471
0.0531019
-0.0131224
0.0658274
-0.0127255
0.0780065
-0.0121791
0.0895201
-0.0115136
0.100283
-0.0107627
0.110243
-0.00995998
0.119379
-0.00913611
0.127696
-0.00831668
0.135217
-0.00752162
0.141982
-0.00676519
0.148039
-0.00605654
0.153439
-0.0054006
0.158238
-0.00479891
0.162489
-0.00425061
0.166242
-0.00375311
0.169545
-0.00330271
0.17244
-0.00289509
0.174965
-0.00252557
0.177155
-0.00218938
0.179037
-0.00188173
0.180634
-0.0015979
0.181968
-0.00133322
0.183051
-0.001083
0.183893
-0.000842459
0.1845
-0.000606558
0.18487
-0.000369814
-0.00012601
0.0134091
-0.0266539
0.0269539
-0.0269323
0.04044
-0.0268332
0.0536746
-0.026357
0.0664803
-0.0255312
0.0787062
-0.024405
0.0902352
-0.0230426
0.100987
-0.0215142
0.110915
-0.0198882
0.120005
-0.0182262
0.128267
-0.0165788
0.13573
-0.0149849
0.142437
-0.013472
0.148438
-0.0120571
0.153787
-0.0107493
0.158539
-0.00955093
0.162748
-0.00845962
0.166464
-0.00746986
0.169736
-0.00657404
0.172604
-0.00576337
0.175107
-0.00502845
0.177277
-0.00435972
0.179143
-0.00374764
0.180728
-0.00318282
0.182051
-0.00265594
0.183125
-0.00215772
0.183962
-0.00167864
0.184564
-0.00120869
0.184931
-0.000736969
-0.000251118
0.0137482
-0.0404022
0.0276161
-0.0408001
0.0413863
-0.0406034
0.054848
-0.0398187
0.0678132
-0.0384964
0.0801292
-0.036721
0.0916843
-0.0345977
0.102408
-0.0322381
0.112268
-0.0297481
0.121262
-0.0272201
0.129412
-0.0247286
0.136756
-0.0223294
0.143345
-0.0200606
0.149233
-0.0179452
0.154478
-0.0159941
0.159136
-0.0142092
0.163262
-0.0125856
0.166906
-0.0111142
0.170115
-0.00978293
0.17293
-0.00857834
0.175388
-0.00748623
0.177521
-0.00649224
0.179355
-0.00558214
0.180914
-0.00474193
0.182216
-0.00395781
0.183274
-0.00321598
0.184098
-0.00250233
0.184691
-0.00180201
0.185053
-0.00109883
-0.000374434
0.0142844
-0.0546866
0.0286604
-0.0551762
0.0428724
-0.0548154
0.0566805
-0.0536269
0.069882
-0.0516979
0.0823237
-0.0491627
0.0939049
-0.0461789
0.104574
-0.0429069
0.114318
-0.0394928
0.123158
-0.0360595
0.131132
-0.0327025
0.138293
-0.0294906
0.144701
-0.0264689
0.150419
-0.0236627
0.155507
-0.0210824
0.160025
-0.018727
0.164027
-0.0165877
0.167563
-0.0146507
0.170679
-0.012899
0.173415
-0.0113141
0.175806
-0.00987708
0.177882
-0.00856865
0.17967
-0.00737002
0.181191
-0.00626277
0.182462
-0.00522875
0.183496
-0.00424984
0.184301
-0.00330751
0.184881
-0.00238226
0.185235
-0.00145283
-0.000495094
0.0150555
-0.0697421
0.0301562
-0.0702769
0.0449872
-0.0696464
0.0592673
-0.0679069
0.0727758
-0.0652065
0.0853645
-0.0617513
0.0969539
-0.0577683
0.107522
-0.053475
0.117089
-0.0490599
0.125703
-0.0446736
0.133428
-0.0404276
0.140336
-0.036398
0.146498
-0.0326312
0.151986
-0.0291504
0.156865
-0.0259615
0.161196
-0.0230581
0.165034
-0.0204257
0.168428
-0.0180447
0.171422
-0.0158927
0.174054
-0.0139458
0.176356
-0.01218
0.178359
-0.0105714
0.180086
-0.00909673
0.181557
-0.00773338
0.182787
-0.00645909
0.183789
-0.00525165
0.18457
-0.00408837
0.185133
-0.00294535
0.185476
-0.00179651
-0.000612264
0.0161218
-0.0858639
0.0322123
-0.0863673
0.0478673
-0.0853014
0.0627496
-0.0827892
0.0766226
-0.0790795
0.0893554
-0.0744841
0.100907
-0.0693201
0.111303
-0.0638705
0.120608
-0.0583649
0.128909
-0.0529751
0.136302
-0.04782
0.142878
-0.0429743
0.148725
-0.0384783
0.153922
-0.0343472
0.158539
-0.0305783
0.162637
-0.0271568
0.166272
-0.0240607
0.169491
-0.0212634
0.172334
-0.0187362
0.174838
-0.0164498
0.177034
-0.0143752
0.178946
-0.0124839
0.180598
-0.0107485
0.182007
-0.00914249
0.183188
-0.00763971
0.18415
-0.0062142
0.184901
-0.00483942
0.185443
-0.00348739
0.185774
-0.00212754
-0.000725156
0.017578
-0.103442
0.0349959
-0.103785
0.0517157
-0.102021
0.0673297
-0.0984033
0.0815974
-0.0933472
0.0944314
-0.0873181
0.105858
-0.0807466
0.115972
-0.0739847
0.124902
-0.0672948
0.132783
-0.0608565
0.139746
-0.0547825
0.145906
-0.0491343
0.151365
-0.043937
0.156208
-0.039191
0.160511
-0.0348804
0.164333
-0.0309792
0.167728
-0.0274556
0.17074
-0.0242754
0.173407
-0.0214032
0.175761
-0.0188041
0.17783
-0.0164442
0.179637
-0.0142908
0.181201
-0.0123127
0.182538
-0.0104796
0.183661
-0.00876213
0.184577
-0.00713079
0.185293
-0.00555559
0.185811
-0.0040048
0.186127
-0.00244375
-0.000833033
0.0195759
-0.123018
0.038767
-0.122976
0.0568342
-0.120088
0.0732923
-0.114861
0.0879319
-0.107987
0.100759
-0.100145
0.111912
-0.0918994
0.121588
-0.0836603
0.129994
-0.0757014
0.137325
-0.0681873
0.143747
-0.0612044
0.149399
-0.0547862
0.154394
-0.0489318
0.158823
-0.04362
0.162759
-0.0388171
0.166263
-0.0344832
0.169384
-0.0305759
0.17216
-0.0270521
0.174627
-0.0238698
0.176811
-0.0209887
0.178738
-0.0183704
0.180425
-0.0159782
0.18189
-0.0137777
0.183146
-0.0117353
0.184202
-0.00981867
0.185067
-0.00799533
0.185744
-0.0062322
0.186233
-0.00449426
0.186532
-0.00274315
-0.00093522
0.0223682
-0.145386
0.0439394
-0.144547
0.0636738
-0.139823
0.0810322
-0.13222
0.0959223
-0.122877
0.108533
-0.112756
0.11918
-0.102546
0.128199
-0.092679
0.135894
-0.083397
0.142521
-0.0748136
0.148279
-0.0669629
0.153326
-0.059833
0.157781
-0.0533866
0.161735
-0.047574
0.165258
-0.0423405
0.168406
-0.0376306
0.17122
-0.0333902
0.173736
-0.0295678
0.175981
-0.0261149
0.177978
-0.0229861
0.179747
-0.0201391
0.181302
-0.017534
0.182658
-0.0151334
0.183824
-0.0129012
0.184808
-0.0108025
0.185615
-0.00880239
0.186248
-0.00686512
0.186706
-0.00495283
0.186987
-0.00302395
-0.00103111
0.026399
-0.171785
0.0511925
-0.169341
0.0729132
-0.161544
0.091088
-0.150395
0.10593
-0.137719
0.117961
-0.124787
0.127758
-0.112343
0.135831
-0.100752
0.142587
-0.0901535
0.148335
-0.0805614
0.1533
-0.0719275
0.157644
-0.0641774
0.161485
-0.057228
0.164909
-0.0509973
0.167976
-0.0454076
0.170733
-0.0403875
0.173214
-0.0358717
0.175447
-0.0318007
0.177453
-0.0281205
0.179248
-0.0247814
0.180847
-0.0217379
0.18226
-0.0189477
0.183498
-0.0163711
0.184567
-0.0139701
0.185472
-0.0117078
0.186217
-0.00954728
0.186803
-0.00745075
0.187228
-0.00537794
0.187489
-0.0032846
-0.00112019
0.0325064
-0.204291
0.0616856
-0.19852
0.085577
-0.185435
0.104168
-0.168986
0.118361
-0.151911
0.129229
-0.135656
0.137698
-0.120811
0.144463
-0.107518
0.15002
-0.0957099
0.154704
-0.0852458
0.158745
-0.075968
0.162294
-0.067727
0.165456
-0.0603899
0.168301
-0.0538416
0.170875
-0.0479824
0.173214
-0.0427264
0.175341
-0.0379987
0.177274
-0.0337335
0.179026
-0.0298724
0.180607
-0.0263628
0.182026
-0.023157
0.18329
-0.0202111
0.184402
-0.0174839
0.185369
-0.0149361
0.18619
-0.0125296
0.186869
-0.0102261
0.187405
-0.00798605
0.187794
-0.00576743
0.188033
-0.00352379
-0.00120199
0.0424208
-0.246712
0.0774667
-0.233566
0.103184
-0.211153
0.121137
-0.186938
0.133595
-0.16437
0.142437
-0.144498
0.148962
-0.127336
0.154006
-0.112561
0.158088
-0.099792
0.16153
-0.0886874
0.164528
-0.0789661
0.167204
-0.0704031
0.169633
-0.0628189
0.171861
-0.0560696
0.173916
-0.050038
0.175817
-0.0446272
0.177574
-0.0397558
0.179194
-0.0353538
0.180683
-0.0313604
0.182042
-0.0277217
0.183274
-0.0243891
0.18438
-0.0213178
0.185363
-0.0184664
0.186222
-0.0157948
0.186956
-0.0132643
0.187566
-0.0108358
0.188049
-0.00846864
0.188401
-0.00611957
0.188617
-0.00374046
-0.00127617
0.0601097
-0.306822
0.102226
-0.275682
0.127846
-0.236773
0.142858
-0.20195
0.151825
-0.173337
0.15749
-0.150163
0.161366
-0.131212
0.164265
-0.11546
0.166623
-0.102149
0.168672
-0.0907363
0.170537
-0.0808314
0.172284
-0.0721499
0.173945
-0.0644797
0.175533
-0.0576583
0.177054
-0.0515587
0.178506
-0.0460788
0.179884
-0.0411344
0.181185
-0.0366548
0.182404
-0.032579
0.183535
-0.0288533
0.184576
-0.0254298
0.185522
-0.0222641
0.186371
-0.0193151
0.187119
-0.0165431
0.187764
-0.0139092
0.188302
-0.0113741
0.188731
-0.00889675
0.189044
-0.00643305
0.189237
-0.0039338
-0.00134244
0.0957968
-0.402619
0.142436
-0.322322
0.161952
-0.256289
0.169716
-0.209714
0.172744
-0.176365
0.173947
-0.151366
0.174514
-0.13178
0.17493
-0.115877
0.175388
-0.102607
0.175954
-0.0913023
0.17664
-0.0815172
0.177434
-0.0729439
0.178315
-0.0653606
0.179259
-0.0586022
0.180242
-0.052542
0.181243
-0.0470796
0.182242
-0.0421335
0.183223
-0.0376354
0.184171
-0.0335267
0.185073
-0.0297561
0.185921
-0.0262774
0.186705
-0.0230481
0.187418
-0.0200283
0.188054
-0.0171792
0.188608
-0.0144626
0.189073
-0.0118396
0.189446
-0.00926923
0.18972
-0.00670702
0.189889
-0.00410328
-0.00140062
0.179121
-0.581739
0.207573
-0.350774
0.206339
-0.255055
0.200523
-0.203898
0.195113
-0.170955
0.190887
-0.14714
0.187776
-0.128668
0.185575
-0.113676
0.184093
-0.101125
0.183173
-0.0903825
0.182691
-0.081035
0.182547
-0.0728005
0.182664
-0.065477
0.182976
-0.0589148
0.183433
-0.0529989
0.183992
-0.0476386
0.184619
-0.0427598
0.185284
-0.0383005
0.185964
-0.034207
0.18664
-0.0304322
0.187296
-0.0269333
0.187918
-0.0236705
0.188496
-0.020606
0.18902
-0.0177029
0.189481
-0.0149242
0.189874
-0.0122319
0.19019
-0.00958557
0.190424
-0.00694104
0.190569
-0.0042486
-0.00145061
0.206719
0.0241316
0.205796
0.0239726
0.204884
0.0241919
0.203981
0.0247567
0.203085
0.0256447
0.202195
0.0268424
0.201314
0.028343
0.200446
0.0301461
0.199599
0.0322566
0.198783
0.034684
0.198012
0.0374427
0.197305
0.0405516
0.196686
0.0440345
0.196185
0.0479211
0.195841
0.052247
0.195702
0.0570563
0.19583
0.0624031
0.196306
0.0683551
0.197231
0.0749985
0.198742
0.0824449
0.201028
0.0908429
0.204351
0.100395
0.209105
0.111382
0.215906
0.124212
0.225813
0.13948
0.240871
0.158062
0.265726
0.181144
0.313238
0.209607
0.426455
0.23964
0.238872
0.7716
0.211834
0.0249805
0.211003
0.0248037
0.210188
0.0250072
0.209388
0.0255568
0.208604
0.0264286
0.207839
0.0276071
0.207099
0.0290833
0.206391
0.0308541
0.205726
0.0329212
0.20512
0.0352903
0.204591
0.0379713
0.204165
0.0409778
0.203872
0.0443272
0.203753
0.0480406
0.203856
0.0521438
0.204245
0.0566674
0.204999
0.0616483
0.206224
0.0671306
0.208055
0.0731675
0.210676
0.0798236
0.214343
0.0871764
0.21942
0.0953172
0.226455
0.104347
0.236309
0.114358
0.250415
0.125374
0.271306
0.137171
0.303671
0.148779
0.356141
0.157137
0.441953
0.153828
0.119296
0.561529
0.217079
0.0257294
0.216348
0.025534
0.215638
0.0257179
0.214949
0.0262456
0.214286
0.0270917
0.213654
0.0282387
0.213062
0.0296752
0.212521
0.0313949
0.212046
0.0333962
0.211656
0.0356806
0.211374
0.0382529
0.211232
0.0411206
0.211265
0.0442935
0.211522
0.0477836
0.212062
0.0516047
0.212957
0.0557722
0.214302
0.060303
0.216218
0.0652144
0.218863
0.0705224
0.222448
0.076239
0.227259
0.0823653
0.233697
0.0888787
0.242338
0.0957063
0.254025
0.102671
0.270016
0.109384
0.292162
0.115025
0.323003
0.117938
0.365182
0.114958
0.418313
0.100697
0.0682176
0.469391
0.222456
0.0263705
0.221834
0.0261558
0.221235
0.0263163
0.220665
0.0268156
0.22013
0.0276269
0.219639
0.0287303
0.219202
0.0301121
0.218834
0.031763
0.218552
0.0336773
0.218381
0.0358522
0.218347
0.0382872
0.218484
0.040983
0.218836
0.0439415
0.219455
0.0471646
0.220406
0.0506539
0.221769
0.0544089
0.223647
0.0584258
0.226166
0.062695
0.229492
0.0671965
0.233837
0.0718936
0.239482
0.0767209
0.246796
0.0815648
0.256271
0.0862306
0.268556
0.0903869
0.284464
0.0934752
0.304913
0.0945756
0.330611
0.0922396
0.361187
0.0843825
0.393349
0.0685349
0.043074
0.418493
0.227968
0.0268962
0.227462
0.0266618
0.226982
0.0267955
0.226538
0.0272603
0.226137
0.0280279
0.225791
0.0290765
0.225513
0.0303898
0.225321
0.0319551
0.225235
0.033763
0.225281
0.0358062
0.22549
0.0380784
0.225899
0.0405739
0.226554
0.0432863
0.227511
0.0462078
0.228837
0.0493277
0.230616
0.0526305
0.232948
0.0560935
0.23596
0.0596833
0.239806
0.0633498
0.244682
0.0670182
0.250826
0.0705769
0.258533
0.0738578
0.268153
0.0766099
0.28008
0.0784606
0.294686
0.0788691
0.312181
0.0770807
0.332299
0.0721208
0.353777
0.062905
0.373716
0.0485956
0.0293054
0.387485
0.233617
0.0272998
0.233233
0.0270454
0.232879
0.0271494
0.232565
0.0275741
0.232303
0.02829
0.232106
0.0292735
0.231991
0.0305054
0.231976
0.0319703
0.232084
0.0336549
0.232343
0.0355471
0.232786
0.0376355
0.233452
0.0399077
0.234388
0.0423499
0.235651
0.0449451
0.237307
0.0476717
0.239436
0.0505013
0.242134
0.0533955
0.245515
0.0563025
0.249714
0.0591511
0.254889
0.0618432
0.261222
0.0642437
0.268913
0.0661666
0.278163
0.0673595
0.289138
0.0674857
0.301893
0.0661145
0.316244
0.0627293
0.331582
0.0567829
0.346657
0.0478299
0.359491
0.0357623
0.0211046
0.367691
0.239406
0.0275755
0.23915
0.0273013
0.238926
0.0273729
0.238748
0.0277527
0.238628
0.0284097
0.238583
0.0293188
0.23863
0.0304585
0.23879
0.0318103
0.239087
0.0333573
0.239551
0.0350831
0.240215
0.0369714
0.241119
0.0390039
0.242309
0.0411601
0.243839
0.0434152
0.245772
0.0457387
0.248181
0.0480921
0.251151
0.0504261
0.254776
0.0526771
0.259164
0.0547626
0.264432
0.0565756
0.270698
0.057978
0.27807
0.058794
0.286626
0.0588039
0.296368
0.0577434
0.307169
0.0553133
0.31869
0.0512084
0.330297
0.045176
0.341016
0.0371109
0.349605
0.0271731
0.0158832
0.354827
0.245336
0.0277183
0.245213
0.0274247
0.245124
0.0274621
0.245084
0.0277927
0.245108
0.028385
0.245215
0.0292121
0.245423
0.0302506
0.245754
0.031479
0.246234
0.0328774
0.246892
0.0344256
0.24776
0.0361027
0.248878
0.0378858
0.25029
0.0397487
0.252044
0.0416607
0.254198
0.0435847
0.256815
0.0454757
0.259962
0.0472782
0.263716
0.0489236
0.268151
0.0503272
0.273342
0.0513848
0.279349
0.0519705
0.286209
0.0519346
0.293907
0.0511057
0.302353
0.049298
0.311338
0.0463279
0.320503
0.0420432
0.329313
0.0363664
0.337076
0.0293476
0.343037
0.0212122
0.0123777
0.346542
0.251411
0.0277245
0.251423
0.0274123
0.251471
0.0274142
0.251571
0.0276926
0.251741
0.0282154
0.251999
0.0289546
0.252364
0.0298849
0.252861
0.0309826
0.253513
0.0322249
0.25435
0.0335886
0.255404
0.0350492
0.25671
0.0365799
0.258308
0.0381505
0.260242
0.0397262
0.262561
0.0412663
0.265314
0.0427225
0.268554
0.0440378
0.272334
0.0451442
0.276699
0.0459619
0.281686
0.0463979
0.28731
0.0463465
0.293553
0.0456911
0.300349
0.0443098
0.307562
0.0420854
0.314969
0.0389211
0.322249
0.0347624
0.328992
0.0296235
0.334728
0.0236115
0.339
0.0169404
0.00992187
0.341456
0.257632
0.0275912
0.257783
0.0272618
0.257969
0.0272276
0.25821
0.0274517
0.258523
0.0279019
0.258929
0.0285492
0.259447
0.0293668
0.2601
0.0303293
0.260914
0.0314118
0.261914
0.0325885
0.263131
0.0338324
0.264596
0.0351141
0.266346
0.0364009
0.268416
0.0376561
0.270845
0.0388375
0.27367
0.039897
0.276928
0.0407796
0.28065
0.0414224
0.284857
0.0417552
0.289554
0.0417005
0.294725
0.0411759
0.300319
0.0400975
0.306242
0.0383867
0.312348
0.035979
0.318433
0.032836
0.324236
0.0289595
0.329455
0.024405
0.333777
0.0192897
0.336924
0.0137925
0.00814041
0.338706
0.264002
0.0273172
0.264291
0.0269721
0.264617
0.0269021
0.264997
0.0270711
0.265452
0.0274469
0.266002
0.0280001
0.266665
0.028703
0.267466
0.029529
0.268426
0.0304513
0.269572
0.0314429
0.270929
0.0324751
0.272526
0.0335171
0.274392
0.0345352
0.276555
0.0354925
0.279045
0.0363478
0.281887
0.0370554
0.285101
0.0375652
0.288701
0.0378223
0.292688
0.0377682
0.297046
0.0373426
0.301737
0.0364853
0.306693
0.0351412
0.311814
0.0332654
0.316963
0.0308305
0.321965
0.0278341
0.326618
0.0243067
0.330706
0.0203169
0.334023
0.0159726
0.3364
0.0114155
0.0068097
0.337731
0.270522
0.026902
0.270951
0.0265435
0.271414
0.0264386
0.271933
0.0265528
0.272525
0.0268541
0.273212
0.0273132
0.274013
0.0279019
0.27495
0.0285927
0.276043
0.0293583
0.277315
0.0301706
0.27879
0.0310005
0.28049
0.0318168
0.282439
0.0325865
0.284657
0.0332737
0.287165
0.0338401
0.289976
0.0342442
0.293099
0.0344424
0.296532
0.0343891
0.300262
0.0340384
0.304259
0.0333457
0.308473
0.0322708
0.312833
0.0307813
0.317242
0.0288567
0.321579
0.0264936
0.325703
0.0237097
0.329463
0.0205472
0.332705
0.0170743
0.335295
0.0133826
0.337129
0.00958164
0.00579006
0.338149
0.277196
0.0263467
0.277762
0.0259772
0.278362
0.0258394
0.279014
0.0259002
0.27974
0.0261286
0.280557
0.0264954
0.281487
0.0269726
0.282547
0.0275326
0.283757
0.0281478
0.285138
0.0287902
0.286707
0.0294309
0.288484
0.0300397
0.290486
0.030585
0.292726
0.0310334
0.295216
0.0313504
0.29796
0.0315
0.300957
0.0314458
0.304194
0.0311517
0.307649
0.0305835
0.311284
0.0297106
0.315046
0.0285088
0.318865
0.0269624
0.322654
0.0250676
0.326312
0.0228352
0.32973
0.0202922
0.332794
0.0174835
0.335398
0.0144703
0.337453
0.0113276
0.338895
0.00813901
0.0049907
0.339695
0.284026
0.0256534
0.284727
0.0252758
0.285459
0.0251078
0.286241
0.0251178
0.287094
0.0252763
0.288035
0.0255546
0.289082
0.0259253
0.290253
0.0263612
0.291566
0.0268352
0.293036
0.02732
0.294679
0.0277877
0.296509
0.0282099
0.298537
0.0285572
0.300771
0.0287997
0.303214
0.0289073
0.305864
0.0288498
0.308712
0.0285981
0.311738
0.028125
0.314915
0.0274065
0.318202
0.0264236
0.321547
0.025164
0.324886
0.0236237
0.328144
0.0218094
0.33124
0.0197391
0.334089
0.0174432
0.336609
0.0149639
0.338726
0.0123536
0.340381
0.00967234
0.341536
0.00698366
0.0043505
0.342176
0.291014
0.0248253
0.291847
0.0244429
0.292707
0.024248
0.293614
0.024211
0.294586
0.0243039
0.295642
0.0244992
0.296797
0.0247704
0.298067
0.0250911
0.299467
0.0254354
0.301009
0.0257771
0.302707
0.0260903
0.304568
0.0263485
0.3066
0.0265255
0.308804
0.0265952
0.31118
0.026532
0.313718
0.0263116
0.316404
0.0259118
0.319216
0.025313
0.322123
0.0244998
0.325085
0.0234619
0.328053
0.0221956
0.330972
0.0207047
0.33378
0.0190015
0.336412
0.0171071
0.338804
0.0150514
0.340896
0.0128719
0.342637
0.0106122
0.34399
0.00831968
0.344931
0.00604256
0.00382711
0.345454
0.298165
0.0238665
0.299125
0.0234828
0.300107
0.0232651
0.301133
0.023186
0.302218
0.023219
0.303379
0.0233382
0.304631
0.0235184
0.305987
0.0237346
0.30746
0.0239624
0.30906
0.0241774
0.310794
0.0243557
0.312669
0.0244736
0.314687
0.0245081
0.316845
0.0244369
0.319137
0.0242393
0.321553
0.0238963
0.324073
0.0233914
0.326674
0.0227117
0.329326
0.0218484
0.33199
0.0207976
0.334624
0.0195615
0.337181
0.0181482
0.339609
0.0165729
0.34186
0.014857
0.343883
0.0130279
0.345637
0.0111178
0.347087
0.00916235
0.348208
0.00719862
0.348987
0.00526324
0.00339044
0.349424
0.30548
0.022782
0.306561
0.022401
0.307661
0.0221651
0.308798
0.0220493
0.309988
0.0220291
0.311246
0.0220805
0.312584
0.0221796
0.314015
0.0223035
0.315549
0.0224293
0.317191
0.0225348
0.318948
0.0225986
0.320822
0.0225999
0.322811
0.0225188
0.324911
0.0223372
0.327112
0.0220383
0.3294
0.021608
0.331757
0.0210349
0.334157
0.0203112
0.336573
0.0194329
0.33897
0.0184008
0.341311
0.0172203
0.343557
0.0159023
0.345667
0.0144623
0.347604
0.0129207
0.34933
0.0113016
0.350816
0.00963199
0.352037
0.00794062
0.35298
0.00625645
0.353636
0.00460728
0.00301857
0.354007
0.312963
0.0215776
0.314161
0.0212032
0.315371
0.0209542
0.316613
0.020808
0.317899
0.0207424
0.319245
0.0207349
0.320661
0.020764
0.322156
0.0208084
0.323737
0.0208475
0.325411
0.0208614
0.327178
0.020831
0.32904
0.0207387
0.330991
0.0205677
0.333025
0.0203034
0.33513
0.019933
0.337292
0.0194462
0.339491
0.0188358
0.341704
0.0180977
0.343906
0.0172317
0.346065
0.0162411
0.348152
0.0151336
0.350134
0.0139206
0.351979
0.0126174
0.353657
0.0112421
0.355143
0.00981553
0.356415
0.00836
0.357457
0.00689844
0.358261
0.00545338
0.358822
0.004046
0.00269529
0.359145
0.320618
0.0202594
0.321925
0.0198957
0.32324
0.0196391
0.324579
0.0194694
0.325955
0.0193664
0.32738
0.01931
0.328863
0.0192806
0.330413
0.0192591
0.332033
0.019227
0.333728
0.0191669
0.335496
0.0190623
0.337337
0.0188982
0.339243
0.0186611
0.341207
0.0183393
0.343217
0.0179234
0.345257
0.0174064
0.347309
0.0167841
0.349351
0.0160553
0.351361
0.015222
0.353312
0.0142893
0.35518
0.0132657
0.356938
0.0121625
0.358562
0.0109935
0.36003
0.00977488
0.361321
0.00852395
0.362422
0.00725898
0.363322
0.00599817
0.364017
0.00475903
0.364505
0.00355769
0.00240836
0.364792
0.328449
0.0188338
0.329859
0.0184851
0.331272
0.0182265
0.332701
0.0180404
0.334159
0.0179087
0.335655
0.0178137
0.337198
0.0177377
0.338793
0.0176639
0.340444
0.0175761
0.342152
0.0174591
0.343915
0.0172992
0.345729
0.0170838
0.347588
0.0168021
0.349482
0.0164452
0.351399
0.0160064
0.353324
0.0154812
0.355241
0.0148677
0.35713
0.0141666
0.35897
0.0133814
0.360742
0.0125179
0.362422
0.0115847
0.363993
0.0105924
0.365433
0.00955314
0.366727
0.00848079
0.367861
0.00738977
0.368825
0.00629482
0.369613
0.00521032
0.370223
0.00414983
0.370655
0.00312564
0.00214843
0.370915
0.33646
0.0173076
0.337967
0.016978
0.33947
0.0167232
0.340983
0.016528
0.342515
0.0163764
0.344076
0.016253
0.345671
0.0161423
0.347305
0.0160297
0.34898
0.0159011
0.350696
0.0157438
0.352449
0.0155463
0.354234
0.0152982
0.356045
0.0149913
0.357871
0.0146189
0.359701
0.0141763
0.361521
0.0136612
0.363316
0.0130731
0.365069
0.012414
0.366762
0.0116881
0.368379
0.0109014
0.369901
0.010062
0.371314
0.00917939
0.372603
0.00826426
0.373756
0.00732812
0.374763
0.00638283
0.375617
0.00544019
0.376316
0.00451151
0.376859
0.00360728
0.377247
0.00273685
0.00190824
0.377488
0.344656
0.0156873
0.346253
0.0153809
0.347841
0.0151357
0.34943
0.0149385
0.351031
0.0147759
0.35265
0.0146343
0.354291
0.0145005
0.355959
0.014362
0.357653
0.0142069
0.359372
0.0140246
0.361113
0.0138056
0.36287
0.0135418
0.364634
0.0132268
0.366397
0.0128557
0.368148
0.0124257
0.369874
0.0119355
0.371561
0.0113861
0.373195
0.0107799
0.374761
0.0101213
0.376247
0.00941627
0.377637
0.008672
0.378919
0.00789681
0.380084
0.00709978
0.381121
0.00629043
0.382026
0.00547836
0.382793
0.00467295
0.383422
0.00388305
0.383912
0.00311673
0.384268
0.0023811
0.00168217
0.384494
0.353042
0.0139791
0.354723
0.0136999
0.356389
0.0134698
0.358049
0.0132779
0.359712
0.0131127
0.361384
0.0129628
0.363067
0.012817
0.364765
0.0126649
0.366475
0.0124966
0.368196
0.0123033
0.369924
0.0120775
0.371653
0.0118129
0.373375
0.0115046
0.375082
0.0111493
0.376762
0.0107454
0.378405
0.0102925
0.379999
0.00979209
0.381532
0.00924707
0.382992
0.00866163
0.384367
0.00804116
0.385647
0.00739203
0.386822
0.00672131
0.387886
0.00603655
0.38883
0.0053455
0.389653
0.00465585
0.390351
0.00397497
0.390924
0.00330975
0.391375
0.00266636
0.391705
0.00205019
0.00146572
0.391922
0.361622
0.012189
0.363381
0.0119408
0.36512
0.0117312
0.366847
0.0115513
0.368568
0.0113916
0.370288
0.0112427
0.372009
0.0110953
0.373733
0.0109409
0.375459
0.0107714
0.377182
0.0105799
0.378899
0.0103603
0.380604
0.010108
0.382289
0.00981928
0.383947
0.00949203
0.385567
0.00912533
0.38714
0.0087196
0.388655
0.00827652
0.390103
0.00779892
0.391474
0.00729067
0.392759
0.00675649
0.393949
0.00620178
0.395038
0.00563244
0.39602
0.0050546
0.396891
0.00447447
0.397649
0.0038981
0.398293
0.00333126
0.398823
0.0027792
0.399243
0.00224664
0.399555
0.00173761
0.00125544
0.399766
0.370403
0.0103226
0.372235
0.0101089
0.374041
0.00992476
0.375829
0.00976315
0.377604
0.00961647
0.37937
0.00947709
0.381128
0.00933761
0.382878
0.00919111
0.384618
0.00903132
0.386345
0.00885274
0.388054
0.00865083
0.38974
0.00842201
0.391396
0.0081638
0.393013
0.00787477
0.394584
0.00755461
0.396099
0.00720403
0.397551
0.00682474
0.398931
0.00641933
0.40023
0.00599117
0.401442
0.00554422
0.402561
0.00508295
0.403582
0.00461209
0.4045
0.00413652
0.405313
0.00366109
0.406021
0.00319051
0.406623
0.00272915
0.407121
0.00228102
0.407518
0.00184962
0.407818
0.00143795
0.00104845
0.408025
0.379389
0.00838479
0.381289
0.00820873
0.383159
0.00805469
0.385005
0.00791714
0.386831
0.00779021
0.388641
0.00766801
0.390433
0.0075448
0.392209
0.00741527
0.393966
0.00727461
0.3957
0.00711871
0.397407
0.00694418
0.39908
0.00674847
0.400714
0.00652987
0.402301
0.00628754
0.403834
0.00602147
0.405306
0.00573248
0.406709
0.00542212
0.408035
0.0050926
0.40928
0.00474669
0.410436
0.00438757
0.411501
0.00401876
0.412469
0.00364394
0.413338
0.00326684
0.414108
0.00289116
0.414778
0.00252041
0.41535
0.00215785
0.415824
0.00180643
0.416205
0.00146871
0.416496
0.00114687
0.000842633
0.416702
0.388586
0.00637992
0.390551
0.00624448
0.392481
0.00612452
0.394382
0.00601604
0.396257
0.00591475
0.398109
0.00581633
0.399937
0.00571661
0.401741
0.00561173
0.403517
0.00549822
0.405263
0.00537315
0.406973
0.00523415
0.408642
0.00507947
0.410264
0.00490799
0.411832
0.00471925
0.41334
0.00451341
0.414781
0.00429121
0.416149
0.00405391
0.417439
0.00380325
0.418644
0.00354133
0.419761
0.00327056
0.420786
0.00299353
0.421717
0.00271294
0.422553
0.0024315
0.423292
0.00215186
0.423936
0.00187652
0.424486
0.0016078
0.424945
0.00134776
0.425315
0.00109819
0.425601
0.000860594
0.000636161
0.425808
0.398001
0.00431186
0.400026
0.00421959
0.402013
0.00413715
0.403967
0.00406194
0.405891
0.00399114
0.407785
0.00392194
0.40965
0.0038516
0.411484
0.0037776
0.413285
0.00369771
0.415048
0.00361004
0.416769
0.00351308
0.418443
0.00340575
0.420063
0.00328739
0.421625
0.00315777
0.423121
0.00301706
0.424547
0.00286583
0.425895
0.00270496
0.427163
0.00253565
0.428345
0.00235933
0.429438
0.00217759
0.430439
0.00199216
0.431348
0.0018048
0.432162
0.00161727
0.432882
0.0014313
0.43351
0.0012485
0.434048
0.00107034
0.434497
0.000898137
0.434863
0.000733026
0.435147
0.000575948
0.00042765
0.435356
0.407638
0.00218411
0.40972
0.00213714
0.411763
0.00209495
0.413768
0.00205626
0.41574
0.00201967
0.417678
0.00198377
0.419582
0.00194722
0.421451
0.00190877
0.423281
0.00186731
0.42507
0.00182193
0.426811
0.00177188
0.4285
0.00171666
0.430131
0.00165595
0.431699
0.00158967
0.433199
0.00151791
0.434623
0.00144099
0.435969
0.00135937
0.437231
0.00127366
0.438406
0.00118457
0.43949
0.00109292
0.440483
0.000999556
0.441382
0.000905361
0.442188
0.00081121
0.442902
0.000717946
0.443524
0.000626364
0.444057
0.000537184
0.444504
0.00045105
0.444869
0.000368511
0.445155
0.000290023
0.000215946
0.445366
0.417503
0.419641
0.421735
0.423792
0.425811
0.427795
0.429742
0.431651
0.433518
0.43534
0.437112
0.438829
0.440485
0.442075
0.443592
0.445033
0.446393
0.447667
0.448851
0.449944
0.450944
0.451849
0.45266
0.453378
0.454004
0.454542
0.454993
0.455361
0.455651
0.455867
0.732451
0.0391489
0.732142
0.00030828
-0.0384878
0.77063
0.576551
0.0241269
0.576435
0.000424549
-0.0232638
0.561211
0.479361
0.0141564
0.479308
0.000478147
-0.0131958
0.46924
0.423681
0.00896836
0.423647
0.000511622
-0.00794337
0.418395
0.390299
0.0061542
0.390274
0.000536896
-0.00507945
0.38741
0.36934
0.00450552
0.369319
0.000557584
-0.00338967
0.36763
0.355862
0.00347
0.355845
0.000574912
-0.00231961
0.354775
0.347231
0.00278184
0.347216
0.000589309
-0.00160271
0.346499
0.341935
0.00230322
0.341923
0.000600882
-0.00110098
0.341421
0.339052
0.00195755
0.339043
0.000609593
-0.000737899
0.33868
0.337988
0.00169959
0.337983
0.000615333
-0.000468473
0.337713
0.338347
0.00150127
0.338345
0.000617949
-0.000264932
0.338141
0.339851
0.00134441
0.339852
0.000617275
-0.000109422
0.339697
0.342304
0.00121676
0.342308
0.000613131
9.92787e-06
0.342189
0.345561
0.00110986
0.345569
0.000605342
0.000101241
0.345478
0.349516
0.00101766
0.349528
0.000593736
0.000170216
0.349459
0.354089
0.000935761
0.354105
0.000578154
0.000220936
0.354054
0.35922
0.000860894
0.35924
0.000558458
0.000256394
0.359204
0.364862
0.000790586
0.364886
0.000534528
0.000278823
0.364864
0.370982
0.000722958
0.37101
0.000506284
0.000289941
0.370999
0.377554
0.00065655
0.377587
0.00047366
0.000291079
0.377586
0.38456
0.000590272
0.384597
0.000436669
0.000283348
0.384605
0.391989
0.000523242
0.39203
0.000395313
0.000267639
0.392046
0.399834
0.000454865
0.39988
0.000349718
0.000244794
0.399903
0.408095
0.000384645
0.408144
0.000299993
0.000215532
0.408174
0.416775
0.000312318
0.416828
0.000246387
0.000180612
0.416863
0.425882
0.000237688
0.42594
0.000189167
0.000140766
0.42598
0.435433
0.000160711
0.435493
0.000128708
9.6786e-05
0.435537
0.445446
8.14429e-05
0.445509
6.54744e-05
4.9547e-05
0.445556
0.455949
0.456014
0.456064
0.425944
-0.237053
0.312805
-0.237635
0.265263
-0.207512
0.240338
-0.178974
0.225193
-0.155809
0.215186
-0.137133
0.208276
-0.121758
0.203404
-0.108805
0.199955
-0.0976755
0.197534
-0.0879618
0.195877
-0.0793784
0.194797
-0.0717201
0.194155
-0.0648347
0.193846
-0.0586059
0.19379
-0.0529427
0.193922
-0.0477714
0.194193
-0.0430306
0.194561
-0.0386683
0.194992
-0.0346385
0.19546
-0.0309003
0.195943
-0.0274155
0.196421
-0.0241484
0.196879
-0.0210644
0.197305
-0.0181289
0.197688
-0.0153069
0.198018
-0.012562
0.198287
-0.00985471
0.198487
-0.00714176
0.198613
-0.0043739
-0.00149382
0.441576
-0.117418
0.355738
-0.151798
0.30322
-0.154995
0.270787
-0.14654
0.249813
-0.134835
0.235613
-0.122933
0.225656
-0.111801
0.218509
-0.101658
0.213312
-0.0924781
0.209516
-0.0841666
0.206757
-0.0766192
0.204778
-0.0697412
0.203395
-0.063451
0.202468
-0.0576797
0.201894
-0.0523685
0.20159
-0.0474672
0.201491
-0.0429316
0.201545
-0.0387225
0.201711
-0.034804
0.201953
-0.0311428
0.202245
-0.027707
0.202562
-0.0244657
0.202886
-0.0213883
0.203201
-0.0184434
0.203492
-0.0155988
0.20375
-0.0128197
0.203964
-0.0100685
0.204125
-0.00730317
0.204227
-0.00447547
-0.00152898
0.418042
-0.0662199
0.364835
-0.0985906
0.322587
-0.112747
0.291671
-0.115624
0.269442
-0.112606
0.253362
-0.106853
0.241576
-0.100016
0.23283
-0.0929115
0.226278
-0.0859264
0.221346
-0.0792342
0.217631
-0.0729047
0.214847
-0.0669567
0.212781
-0.061385
0.211274
-0.056173
0.210205
-0.051299
0.209477
-0.0467393
0.209015
-0.0424696
0.208758
-0.0384656
0.208656
-0.0347029
0.208671
-0.0311573
0.208768
-0.0278041
0.208921
-0.0246182
0.209106
-0.0215735
0.209305
-0.0186425
0.209502
-0.0157959
0.209684
-0.0130016
0.20984
-0.0102242
0.20996
-0.00742317
0.210036
-0.00455197
-0.00155565
0.393141
-0.0409658
0.36089
-0.0663396
0.330235
-0.0820916
0.304458
-0.0898476
0.283928
-0.0920755
0.267932
-0.0908574
0.255555
-0.0876388
0.24598
-0.0833368
0.238561
-0.0785065
0.232803
-0.0734766
0.228336
-0.0684382
0.224881
-0.063501
0.222222
-0.0587263
0.220195
-0.0541458
0.21867
-0.0497738
0.217544
-0.0456135
0.216735
-0.0416609
0.216177
-0.0379072
0.215814
-0.0343405
0.215603
-0.0309461
0.215506
-0.027707
0.215492
-0.0246046
0.215537
-0.0216178
0.215618
-0.0187234
0.215717
-0.0158956
0.215821
-0.0131054
0.215916
-0.0103196
0.215993
-0.0075001
0.216044
-0.00460237
-0.00157344
0.373546
-0.0271021
0.353521
-0.0463143
0.331963
-0.0605342
0.311767
-0.0696508
0.294193
-0.0745014
0.279504
-0.0761689
0.267491
-0.0756258
0.257778
-0.0736241
0.249974
-0.0707018
0.243725
-0.0672284
0.238739
-0.0634515
0.234773
-0.0595352
0.231634
-0.0555869
0.229164
-0.0516764
0.227238
-0.0478477
0.225752
-0.0441278
0.224623
-0.0405315
0.223781
-0.0370649
0.223168
-0.033728
0.222738
-0.0305158
0.22245
-0.0274194
0.222272
-0.0244264
0.222175
-0.0215213
0.222138
-0.0186854
0.222139
-0.0158968
0.222163
-0.0131295
0.222196
-0.0103533
0.222229
-0.00753286
0.222253
-0.00462592
-0.0015821
0.359347
-0.0188198
0.346436
-0.033403
0.331286
-0.045384
0.315874
-0.054239
0.301448
-0.0600756
0.288617
-0.0633378
0.277562
-0.0645711
0.268228
-0.0642897
0.260448
-0.0629219
0.254021
-0.060801
0.248746
-0.0581762
0.24444
-0.0552294
0.240944
-0.0520916
0.238123
-0.0488555
0.235862
-0.0455865
0.234064
-0.0423297
0.232648
-0.0391153
0.231546
-0.0359625
0.2307
-0.032882
0.230062
-0.0298778
0.229591
-0.0269485
0.229253
-0.0240882
0.229018
-0.0212866
0.228862
-0.0185298
0.228765
-0.0157995
0.228709
-0.0130736
0.228681
-0.0103249
0.228669
-0.00752091
0.228665
-0.00462222
-0.00158148
0.349484
-0.0135289
0.340826
-0.0247452
0.33004
-0.0345977
0.318366
-0.0425653
0.306778
-0.0484873
0.295908
-0.0524677
0.286094
-0.0547574
0.277464
-0.0556595
0.270013
-0.0554707
0.263664
-0.0544523
0.258308
-0.0528204
0.253826
-0.0507471
0.2501
-0.048366
0.247024
-0.045779
0.2445
-0.0430626
0.242444
-0.0402734
0.240781
-0.0374529
0.239449
-0.03463
0.238391
-0.0318244
0.237561
-0.0290477
0.236918
-0.0263055
0.236427
-0.0235975
0.236059
-0.0209186
0.235789
-0.0182594
0.235595
-0.0156057
0.23546
-0.0129388
0.23537
-0.0102348
0.235313
-0.00746432
0.235282
-0.00459126
-0.00157156
0.342936
-0.0099652
0.336916
-0.018726
0.329095
-0.0267763
0.320227
-0.0336976
0.311004
-0.0392635
0.301958
-0.0434225
0.293451
-0.0462504
0.285689
-0.0478972
0.278762
-0.0485442
0.272684
-0.0483741
0.267419
-0.047555
0.262904
-0.0462325
0.259067
-0.0445284
0.255829
-0.0425414
0.253117
-0.0403504
0.25086
-0.038017
0.248996
-0.0355888
0.247468
-0.0331014
0.246224
-0.0305807
0.245221
-0.0280447
0.24442
-0.0255043
0.243787
-0.0229643
0.243293
-0.0204245
0.242913
-0.0178794
0.242626
-0.0153186
0.242414
-0.012727
0.242263
-0.0100841
0.242163
-0.00736385
0.242105
-0.00453341
-0.00155245
0.338918
-0.00746245
0.334599
-0.0144069
0.328816
-0.0209927
0.322025
-0.0269069
0.314696
-0.0319344
0.30724
-0.0359665
0.299977
-0.0389873
0.293129
-0.0410492
0.286831
-0.0422463
0.28115
-0.0426931
0.276103
-0.0425081
0.271675
-0.041804
0.267828
-0.0406821
0.264517
-0.0392301
0.261689
-0.0375221
0.259291
-0.0356189
0.257272
-0.0335697
0.255584
-0.0314134
0.254183
-0.0291797
0.253029
-0.0268908
0.252086
-0.0245617
0.251323
-0.0222015
0.250712
-0.0198136
0.250229
-0.0173964
0.249854
-0.014943
0.249568
-0.0124417
0.24936
-0.00987524
0.249217
-0.00722089
0.249133
-0.00444942
-0.0015244
0.336863
-0.00564559
0.333679
-0.0112232
0.329321
-0.0166347
0.324066
-0.0216521
0.318227
-0.0260949
0.312105
-0.0298442
0.30596
-0.0328429
0.299998
-0.035087
0.294364
-0.0366123
0.289151
-0.0374805
0.28441
-0.0377669
0.280158
-0.0375515
0.276388
-0.0369123
0.273079
-0.0359216
0.270201
-0.0346438
0.267717
-0.0331348
0.265589
-0.0314418
0.263779
-0.0296037
0.262251
-0.0276517
0.260971
-0.02561
0.259906
-0.0234966
0.259027
-0.0213234
0.258311
-0.019097
0.257733
-0.0168188
0.257275
-0.0144851
0.256921
-0.0120872
0.256657
-0.00961117
0.256474
-0.00703745
0.256365
-0.00434045
-0.00148779
0.336359
-0.00429156
0.333959
-0.00882266
0.330618
-0.0132939
0.326506
-0.0175402
0.321829
-0.0214182
0.316803
-0.0248183
0.311631
-0.0276702
0.306485
-0.0299411
0.301504
-0.031631
0.296787
-0.0327643
0.292403
-0.0333827
0.288389
-0.0335376
0.284761
-0.0332845
0.281519
-0.0326789
0.278648
-0.0317734
0.276129
-0.030616
0.273937
-0.0292492
0.272043
-0.0277094
0.270418
-0.0260273
0.269036
-0.0242275
0.267868
-0.0223292
0.266891
-0.0203463
0.266082
-0.0182874
0.265419
-0.0161565
0.264886
-0.0139524
0.264468
-0.0116691
0.264153
-0.00929586
0.263932
-0.00681616
0.263799
-0.00420801
-0.00144311
0.337111
-0.00326134
0.335266
-0.00697816
0.332666
-0.0106935
0.329413
-0.0142874
0.325644
-0.0176488
0.32151
-0.0206843
0.317164
-0.0233241
0.312746
-0.0255236
0.308378
-0.0272627
0.304155
-0.0285419
0.300151
-0.0293785
0.296415
-0.029801
0.292976
-0.0298455
0.289848
-0.0295514
0.287034
-0.028959
0.284525
-0.0281072
0.282308
-0.0270319
0.280364
-0.0257657
0.278673
-0.0243367
0.277215
-0.0227685
0.275966
-0.0210805
0.274907
-0.0192871
0.274018
-0.0173984
0.273281
-0.0154201
0.272682
-0.013353
0.272206
-0.0111938
0.271845
-0.00893391
0.271589
-0.00656016
0.271434
-0.00405394
-0.00139097
0.3389
-0.00246482
0.337461
-0.0055387
0.335409
-0.00864212
0.332809
-0.0116877
0.329751
-0.0145901
0.326339
-0.0172728
0.322688
-0.0196726
0.318907
-0.0217427
0.315097
-0.0234533
0.311346
-0.0247909
0.307724
-0.0257562
0.304284
-0.0263611
0.301064
-0.0266255
0.298088
-0.0265753
0.295368
-0.0262389
0.292907
-0.025646
0.2907
-0.0248255
0.288739
-0.0238046
0.287011
-0.0226081
0.2855
-0.0212576
0.28419
-0.0197712
0.283067
-0.0181632
0.282112
-0.0164443
0.281314
-0.0146212
0.280657
-0.0126963
0.280131
-0.0106681
0.279728
-0.00853054
0.279441
-0.00627307
0.279267
-0.00388037
-0.0013321
0.341566
-0.00184164
0.340428
-0.00440106
0.338791
-0.00700547
0.336694
-0.00959061
0.334196
-0.0120914
0.331369
-0.0144463
0.328297
-0.0166008
0.325065
-0.0185107
0.321755
-0.0201432
0.318441
-0.0214773
0.315189
-0.0225035
0.31205
-0.023222
0.309065
-0.0236409
0.306264
-0.0237745
0.303667
-0.0236414
0.301283
-0.0232624
0.299117
-0.0226595
0.297167
-0.0218543
0.295426
-0.0208676
0.293887
-0.0197178
0.292537
-0.0184214
0.291365
-0.0169919
0.290361
-0.0154396
0.289511
-0.0137718
0.288807
-0.0119918
0.288238
-0.0100997
0.287799
-0.00809141
0.287485
-0.00595882
0.287294
-0.00368966
-0.00126728
0.344986
-0.00135019
0.344078
-0.00349298
0.34276
-0.00568715
0.341054
-0.00788513
0.339
-0.0100372
0.336648
-0.0120944
0.334059
-0.0140113
0.331296
-0.0157481
0.328426
-0.0172728
0.32551
-0.0185615
0.322605
-0.0195988
0.31976
-0.0203773
0.317016
-0.0208969
0.314405
-0.0211631
0.31195
-0.0211861
0.309667
-0.0209793
0.307565
-0.0205581
0.30565
-0.0199388
0.30392
-0.0191377
0.302372
-0.0181701
0.301001
-0.01705
0.299799
-0.0157896
0.298757
-0.0143984
0.297869
-0.0128836
0.297127
-0.0112493
0.296523
-0.00949636
0.296054
-0.00762244
0.295717
-0.0056216
0.295512
-0.00348432
-0.00119737
0.34907
-0.000961052
0.348339
-0.00276273
0.347269
-0.00461697
0.345872
-0.00648827
0.344174
-0.00833859
0.342209
-0.0101292
0.34002
-0.0118228
0.337657
-0.013385
0.33517
-0.0147862
0.332611
-0.0160022
0.330028
-0.0170152
0.327464
-0.0178132
0.324957
-0.0183906
0.322541
-0.0187465
0.320239
-0.0188848
0.318073
-0.0188127
0.316055
-0.0185398
0.314193
-0.0180776
0.312494
-0.0174379
0.310956
-0.016633
0.309581
-0.0156742
0.308363
-0.0145718
0.307299
-0.0133343
0.306383
-0.0119684
0.305613
-0.0104784
0.304982
-0.00886583
0.304489
-0.00712963
0.304133
-0.0052657
0.303916
-0.00326694
-0.00112324
0.353746
-0.000652984
0.353156
-0.00217254
0.352282
-0.00374288
0.351131
-0.00533734
0.349719
-0.0069267
0.34807
-0.00848047
0.346216
-0.00996822
0.344192
-0.0113609
0.342038
-0.0126322
0.339795
-0.0137593
0.337503
-0.0147237
0.335201
-0.0155114
0.332924
-0.0161131
0.330701
-0.016524
0.32856
-0.0167431
0.32652
-0.0167726
0.324598
-0.0166178
0.322806
-0.0162855
0.321152
-0.0157841
0.319641
-0.0151222
0.318276
-0.0143089
0.317056
-0.0133523
0.315982
-0.0122598
0.31505
-0.0110371
0.31426
-0.00968839
0.31361
-0.00821574
0.313099
-0.00661893
0.312729
-0.00489539
0.312502
-0.00304012
-0.00104578
0.358962
-0.00041033
0.358483
-0.00169435
0.357766
-0.00302576
0.356813
-0.0043844
0.355634
-0.00574777
0.354246
-0.00709185
0.35267
-0.00839206
0.350933
-0.00962419
0.349066
-0.0107654
0.347102
-0.0117949
0.345073
-0.012695
0.343012
-0.0134509
0.340951
-0.0140517
0.338917
-0.0144899
0.336935
-0.0147611
0.335026
-0.0148642
0.333209
-0.0148005
0.331497
-0.0145736
0.329901
-0.0141883
0.32843
-0.0136506
0.327087
-0.0129668
0.325878
-0.0121433
0.324804
-0.0111859
0.323867
-0.0100995
0.323066
-0.00888791
0.322404
-0.00755325
0.321881
-0.006096
0.3215
-0.00451479
0.321267
-0.00280639
-0.000965847
0.364675
-0.000221339
0.364287
-0.00130692
0.363697
-0.0024357
0.362905
-0.00359234
0.361917
-0.00475946
0.360743
-0.00591815
0.3594
-0.00704863
0.357907
-0.00813089
0.356287
-0.00914548
0.354566
-0.0100741
0.352771
-0.0109003
0.35093
-0.0116098
0.349069
-0.0121909
0.347214
-0.0126348
0.345388
-0.012935
0.343612
-0.0130879
0.341904
-0.0130923
0.340279
-0.0129487
0.33875
-0.0126594
0.337327
-0.0122278
0.336018
-0.0116581
0.33483
-0.0109548
0.333766
-0.0101223
0.332831
-0.00916453
0.332028
-0.00808469
0.33136
-0.00688491
0.33083
-0.00556607
0.330443
-0.00412774
0.330205
-0.00256812
-0.000884258
0.370855
-7.70014e-05
0.370542
-0.000993916
0.370056
-0.00194951
0.369395
-0.00293205
0.368564
-0.00392808
0.367569
-0.00492272
0.36642
-0.00590009
0.365133
-0.00684381
0.363725
-0.00773752
0.362216
-0.00856539
0.360629
-0.00931266
0.358985
-0.00996603
0.357308
-0.010514
0.35562
-0.0109471
0.353943
-0.0112579
0.352296
-0.0114412
0.350698
-0.0114938
0.349164
-0.0114143
0.347707
-0.0112029
0.34634
-0.0108609
0.345073
-0.0103906
0.343913
-0.00979488
0.342867
-0.00907687
0.341942
-0.00823952
0.341143
-0.0072854
0.340475
-0.00621646
0.339942
-0.00503382
0.339552
-0.0037377
0.339312
-0.00232746
-0.00080175
0.377479
2.9693e-05
0.377227
-0.00074257
0.376827
-0.00154893
0.376275
-0.0023804
0.375574
-0.00322654
0.374727
-0.00407564
0.373742
-0.004915
0.372629
-0.00573129
0.371402
-0.00651089
0.370077
-0.00724035
0.368671
-0.00790673
0.367203
-0.00849801
0.365693
-0.00900337
0.364159
-0.00941344
0.362622
-0.00972048
0.361099
-0.0099184
0.359608
-0.0100028
0.358165
-0.00997094
0.356783
-0.00982136
0.355476
-0.00955391
0.354255
-0.00916941
0.353129
-0.00866934
0.352108
-0.00805563
0.351199
-0.00733036
0.350409
-0.0064955
0.349745
-0.0055527
0.349215
-0.00450319
0.348825
-0.00334764
0.348583
-0.00208626
-0.000718967
0.38453
0.000104383
0.38433
-0.000542661
0.384001
-0.00121933
0.383539
-0.00191872
0.382945
-0.00263274
0.382222
-0.00335218
0.381374
-0.00406693
0.380409
-0.00476622
0.379337
-0.00543884
0.37817
-0.0060735
0.376922
-0.00665909
0.375609
-0.00718501
0.374247
-0.00764145
0.372853
-0.00801959
0.371445
-0.00831179
0.370038
-0.00851173
0.36865
-0.00861442
0.367295
-0.00861619
0.365988
-0.00851464
0.364743
-0.0083085
0.363571
-0.00799742
0.362483
-0.00758183
0.36149
-0.0070627
0.360601
-0.00644132
0.359825
-0.00571909
0.359169
-0.00489737
0.358644
-0.00397734
0.358256
-0.00295997
0.358016
-0.00184605
-0.000636436
0.391999
0.000151624
0.391842
-0.000385916
0.391571
-0.000948786
0.391184
-0.0015317
0.39068
-0.00212838
0.39006
-0.00273164
0.389326
-0.00333348
0.388485
-0.00392524
0.387544
-0.00449782
0.386512
-0.00504187
0.385401
-0.00554803
0.384224
-0.00600718
0.382993
-0.00641067
0.381724
-0.0067505
0.380431
-0.00701954
0.379131
-0.00721161
0.377838
-0.00732158
0.376568
-0.00734542
0.375333
-0.00728013
0.374148
-0.00712372
0.373026
-0.00687509
0.371978
-0.00653386
0.371016
-0.00610027
0.370149
-0.00557497
0.369389
-0.00495887
0.368745
-0.00425301
0.368226
-0.0034585
0.367842
-0.00257642
0.367604
-0.00160796
-0.000554552
0.399879
0.000175342
0.399758
-0.000265362
0.399537
-0.000727312
0.399212
-0.00120648
0.398781
-0.00169804
0.398246
-0.00219641
0.397608
-0.00269531
0.396871
-0.0031879
0.39604
-0.00366687
0.395122
-0.0041246
0.394128
-0.00455337
0.393066
-0.00494552
0.391949
-0.00529365
0.390789
-0.00559075
0.3896
-0.00583042
0.388395
-0.00600696
0.387189
-0.00611546
0.385996
-0.00615186
0.384829
-0.00611296
0.383701
-0.00599643
0.382627
-0.00580068
0.381618
-0.00552484
0.380686
-0.00516861
0.379843
-0.00473217
0.379101
-0.00421604
0.378469
-0.00362099
0.377958
-0.00294796
0.37758
-0.00219807
0.377344
-0.00137268
-0.000473562
0.40817
0.000178884
0.40808
-0.000175063
0.407899
-0.000546385
0.407624
-0.000932046
0.407255
-0.00132838
0.40679
-0.00173113
0.40623
-0.00213544
0.405578
-0.00253598
0.404838
-0.00292701
0.404016
-0.00330247
0.403118
-0.00365613
0.402155
-0.00398175
0.401134
-0.00427319
0.400068
-0.00452454
0.398968
-0.00473029
0.397846
-0.00488544
0.396716
-0.00498555
0.395591
-0.00502685
0.394485
-0.00500624
0.39341
-0.00492131
0.392379
-0.00477031
0.391406
-0.00455209
0.390504
-0.00426606
0.389684
-0.00391206
0.388958
-0.00349032
0.388338
-0.00300136
0.387836
-0.00244598
0.387464
-0.00182522
0.387231
-0.00114046
-0.000393559
0.416877
0.000165381
0.416811
-0.000109678
0.416663
-0.000398429
0.41643
-0.000698637
0.416109
-0.00100759
0.4157
-0.0013221
0.415203
-0.00163855
0.41462
-0.00195289
0.413954
-0.00226074
0.413209
-0.00255745
0.412391
-0.00283818
0.411507
-0.00309802
0.410566
-0.00333208
0.409577
-0.00353562
0.408551
-0.00370413
0.407499
-0.00383344
0.406433
-0.0039198
0.405366
-0.00395993
0.404311
-0.00395108
0.403281
-0.00389101
0.402288
-0.00377804
0.401347
-0.00361097
0.40047
-0.00338907
0.39967
-0.00311202
0.39896
-0.00277985
0.398351
-0.00239289
0.397857
-0.00195178
0.397489
-0.00145741
0.39726
-0.000911061
-0.000314472
0.426007
0.000137751
0.425962
-6.42945e-05
0.42584
-0.000276503
0.425639
-0.000497304
0.425356
-0.000724782
0.42499
-0.000956674
0.424542
-0.00119039
0.424012
-0.00142303
0.423403
-0.00165143
0.422718
-0.00187219
0.421961
-0.00208178
0.42114
-0.00227656
0.420261
-0.00245288
0.419332
-0.00260717
0.418364
-0.00273598
0.417367
-0.00283611
0.416351
-0.00290461
0.41533
-0.00293888
0.414316
-0.00293669
0.413321
-0.00289618
0.412359
-0.00281592
0.411443
-0.00269484
0.410586
-0.00253223
0.409802
-0.00232773
0.409103
-0.00208126
0.408503
-0.00179304
0.408015
-0.00146351
0.407651
-0.00109341
0.407424
-0.000683767
-0.000236063
0.435576
9.8914e-05
0.435546
-3.41551e-05
0.435443
-0.000173966
0.435266
-0.000319518
0.43501
-0.000469586
0.434676
-0.000622717
0.434263
-0.00077724
0.433771
-0.000931279
0.433203
-0.00108277
0.43256
-0.0012295
0.431847
-0.00136915
0.43107
-0.00149929
0.430235
-0.00161752
0.429349
-0.00172143
0.428422
-0.00180869
0.427463
-0.00187713
0.426483
-0.00192471
0.425494
-0.00194963
0.424507
-0.00195031
0.423536
-0.00192544
0.422595
-0.00187395
0.421695
-0.00179506
0.420851
-0.00168821
0.420076
-0.00155311
0.419384
-0.00138965
0.418789
-0.00119794
0.418304
-0.000978277
0.417942
-0.000731172
0.417715
-0.000457367
-0.000157923
0.445603
5.19168e-05
0.445583
-1.44192e-05
0.445494
-8.41308e-05
0.445331
-0.000156729
0.445093
-0.000231614
0.444778
-0.000308073
0.444386
-0.000385284
0.443917
-0.000462321
0.443373
-0.000538164
0.442755
-0.000611716
0.442067
-0.000681817
0.441315
-0.000747265
0.440505
-0.000806844
0.439643
-0.000859346
0.438738
-0.000903597
0.437799
-0.000938482
0.436837
-0.000962967
0.435864
-0.00097612
0.43489
-0.000977124
0.43393
-0.00096529
0.432996
-0.00094006
0.432102
-0.000901008
0.431262
-0.000847837
0.430489
-0.000780371
0.429798
-0.000698546
0.429203
-0.000602408
0.428716
-0.000492104
0.428353
-0.000367894
0.428126
-0.000230167
-7.9481e-05
0.456115
0.456101
0.456017
0.45586
0.455629
0.455321
0.454935
0.454473
0.453935
0.453323
0.452641
0.451894
0.451087
0.450228
0.449324
0.448386
0.447423
0.446447
0.445469
0.444504
0.443564
0.442663
0.441815
0.441035
0.440336
0.439734
0.439242
0.438874
0.438644
)
;

boundaryField
{
    inlet
    {
        type            calculated;
        value           nonuniform List<scalar> 
45
(
-0.2
-0.2
-0.2
-0.2
-0.2
-0.2
-0.2
-0.2
-0.2
-0.2
-0.2
-0.2
-0.2
-0.2
-0.2
-0.20766
-0.212683
-0.217828
-0.223097
-0.228493
-0.23402
-0.239681
-0.245479
-0.251417
-0.257499
-0.263728
-0.270107
-0.276641
-0.283333
-0.290186
-0.297206
-0.304395
-0.311758
-0.3193
-0.327023
-0.334934
-0.343036
-0.351334
-0.359832
-0.368536
-0.377451
-0.386582
-0.395933
-0.40551
-0.415319
)
;
    }
    outlet
    {
        type            calculated;
        value           nonuniform List<scalar> 
45
(
0.184996
0.185056
0.185176
0.185356
0.185593
0.185887
0.186235
0.186635
0.187083
0.187578
0.188115
0.188692
0.189304
0.189948
0.190619
0.198656
0.204262
0.210063
0.216062
0.222261
0.228665
0.235272
0.242086
0.249105
0.256328
0.263755
0.271382
0.279208
0.287229
0.295442
0.303842
0.312425
0.321187
0.330123
0.339229
0.348501
0.357933
0.367522
0.377263
0.387151
0.397181
0.407345
0.417637
0.428048
0.438564
)
;
    }
    flap
    {
        type            calculated;
        value           uniform 0;
    }
    upperWall
    {
        type            calculated;
        value           uniform 0;
    }
    lowerWall
    {
        type            calculated;
        value           uniform 0;
    }
    frontAndBack
    {
        type            empty;
        value           nonuniform 0();
    }
}


// ************************************************************************* //
