/*--------------------------------*- C++ -*----------------------------------*\
  =========                 |
  \\      /  F ield         | OpenFOAM: The Open Source CFD Toolbox
   \\    /   O peration     | Website:  https://openfoam.org
    \\  /    A nd           | Version:  6
     \\/     M anipulation  |
\*---------------------------------------------------------------------------*/
FoamFile
{
    version     2.0;
    format      ascii;
    class       volVectorField;
    location    "0";
    object      U;
}
// * * * * * * * * * * * * * * * * * * * * * * * * * * * * * * * * * * * * * //

dimensions      [0 1 -1 0 0 0 0];

internalField   nonuniform List<vector> 
2790
(
(9.95318 0 0.0229269)
(9.85968 0 0.0234171)
(9.76553 0 0.024382)
(9.66898 0 0.0258232)
(9.56839 0 0.0277581)
(9.46212 0 0.0302176)
(9.34855 0 0.0332465)
(9.22598 0 0.0369031)
(9.09265 0 0.0412587)
(8.94666 0 0.0463979)
(8.78597 0 0.0524184)
(8.60839 0 0.0594297)
(8.41155 0 0.0675513)
(8.1929 0 0.0769091)
(7.94975 0 0.087629)
(7.67927 0 0.0998283)
(7.37859 0 0.113603)
(7.04486 0 0.129009)
(6.67544 0 0.146042)
(6.26805 0 0.164613)
(5.82099 0 0.184518)
(5.33347 0 0.205414)
(4.80581 0 0.226804)
(4.23977 0 0.24804)
(3.63872 0 0.268339)
(3.00772 0 0.286845)
(2.35344 0 0.302701)
(1.68389 0 0.315151)
(1.00794 0 0.323639)
(0.334759 0 0.327876)
(9.95343 0 0.0686616)
(9.86041 0 0.0701274)
(9.76677 0 0.0730127)
(9.67076 0 0.077322)
(9.57076 0 0.0831065)
(9.46515 0 0.0904594)
(9.35233 0 0.0995137)
(9.23063 0 0.110443)
(9.09829 0 0.123461)
(8.95344 0 0.13882)
(8.79408 0 0.156812)
(8.61804 0 0.177765)
(8.42296 0 0.202039)
(8.20633 0 0.230012)
(7.96545 0 0.262066)
(7.69749 0 0.298559)
(7.39955 0 0.339787)
(7.06873 0 0.385937)
(6.70227 0 0.437014)
(6.29773 0 0.492773)
(5.85323 0 0.552631)
(5.36768 0 0.615586)
(4.84113 0 0.68017)
(4.27501 0 0.744436)
(3.67243 0 0.806023)
(3.03828 0 0.862309)
(2.37921 0 0.91065)
(1.7034 0 0.94869)
(1.02006 0 0.974664)
(0.33886 0 0.987644)
(9.95391 0 0.11404)
(9.86187 0 0.116468)
(9.76923 0 0.121245)
(9.6743 0 0.128379)
(9.57548 0 0.137954)
(9.47119 0 0.150123)
(9.35986 0 0.165106)
(9.23986 0 0.183187)
(9.10949 0 0.204721)
(8.96693 0 0.230123)
(8.81021 0 0.259879)
(8.63723 0 0.294534)
(8.44566 0 0.334686)
(8.23304 0 0.380973)
(7.9967 0 0.434041)
(7.73379 0 0.494507)
(7.44135 0 0.562898)
(7.11639 0 0.639573)
(6.75593 0 0.724608)
(6.35725 0 0.817675)
(5.91803 0 0.917895)
(5.43666 0 1.02369)
(4.91257 0 1.1327)
(4.34654 0 1.24168)
(3.74111 0 1.34665)
(3.10077 0 1.44308)
(2.43208 0 1.5263)
(1.74353 0 1.59208)
(1.04505 0 1.63715)
(0.347321 0 1.65972)
(9.95463 0 0.15883)
(9.86404 0 0.162195)
(9.7729 0 0.168817)
(9.67957 0 0.178705)
(9.58249 0 0.191973)
(9.48016 0 0.208831)
(9.37104 0 0.229581)
(9.25358 0 0.254617)
(9.12614 0 0.284423)
(8.98697 0 0.319579)
(8.83418 0 0.360754)
(8.66573 0 0.40871)
(8.4794 0 0.464284)
(8.27277 0 0.528376)
(8.0432 0 0.601915)
(7.78787 0 0.685804)
(7.50376 0 0.780848)
(7.18769 0 0.887645)
(6.83645 0 1.00644)
(6.44686 0 1.13695)
(6.01601 0 1.27814)
(5.54148 0 1.42803)
(5.02174 0 1.58345)
(4.45653 0 1.73997)
(3.84738 0 1.89191)
(3.19806 0 2.0326)
(2.51486 0 2.15498)
(1.80666 0 2.25237)
(1.08449 0 2.31946)
(0.360701 0 2.35318)
(9.95558 0 0.202803)
(9.8669 0 0.207074)
(9.77773 0 0.215476)
(9.68651 0 0.228019)
(9.59173 0 0.244845)
(9.49197 0 0.266216)
(9.38576 0 0.292512)
(9.27164 0 0.324227)
(9.14805 0 0.361972)
(9.01333 0 0.406478)
(8.8657 0 0.458595)
(8.70323 0 0.519292)
(8.5238 0 0.589646)
(8.32508 0 0.670828)
(8.10452 0 0.764061)
(7.85929 0 0.870571)
(7.58635 0 0.9915)
(7.28235 0 1.12777)
(6.94376 0 1.27994)
(6.56689 0 1.44793)
(6.14802 0 1.6308)
(5.6837 0 1.82635)
(5.17103 0 2.03089)
(4.60825 0 2.23891)
(3.99533 0 2.44301)
(3.33475 0 2.63415)
(2.63217 0 2.80225)
(1.89677 0 2.93737)
(1.14107 0 3.0312)
(0.379948 0 3.0786)
(9.95675 0 0.24574)
(9.87042 0 0.250875)
(9.78369 0 0.260975)
(9.69505 0 0.27605)
(9.6031 0 0.296265)
(9.5065 0 0.321929)
(9.40387 0 0.353491)
(9.29384 0 0.391539)
(9.17496 0 0.436799)
(9.0457 0 0.490144)
(8.90441 0 0.552595)
(8.74928 0 0.62532)
(8.57835 0 0.70963)
(8.38941 0 0.806968)
(8.18001 0 0.91887)
(7.9474 0 1.04692)
(7.68852 0 1.19266)
(7.3999 0 1.35745)
(7.07767 0 1.5423)
(6.71758 0 1.74759)
(6.31503 0 1.97271)
(5.86524 0 2.21566)
(5.36359 0 2.47256)
(4.80621 0 2.73712)
(4.19075 0 3.00035)
(3.51758 0 3.25055)
(2.79094 0 3.47392)
(2.01998 0 3.65597)
(1.21902 0 3.78386)
(0.40657 0 3.84895)
(9.95812 0 0.28743)
(9.87457 0 0.293381)
(9.7907 0 0.305083)
(9.70511 0 0.322542)
(9.61649 0 0.345943)
(9.52359 0 0.375636)
(9.42515 0 0.412132)
(9.31992 0 0.456099)
(9.20657 0 0.508369)
(9.08371 0 0.569943)
(8.94985 0 0.641996)
(8.80335 0 0.725885)
(8.64241 0 0.823146)
(8.46501 0 0.935489)
(8.26886 0 1.06478)
(8.05134 0 1.21297)
(7.80942 0 1.38209)
(7.53959 0 1.57403)
(7.23772 0 1.79043)
(6.899 0 2.03238)
(6.51791 0 2.3)
(6.0882 0 2.59195)
(5.60316 0 2.90468)
(5.05611 0 3.23174)
(4.44142 0 3.56289)
(3.756 0 3.88373)
(3.00133 0 4.17589)
(2.18556 0 4.41858)
(1.32489 0 4.59183)
(0.442937 0 4.68099)
(9.9597 0 0.327676)
(9.87931 0 0.334387)
(9.7987 0 0.347579)
(9.71658 0 0.367254)
(9.63175 0 0.39361)
(9.54307 0 0.427031)
(9.4494 0 0.468078)
(9.34961 0 0.517491)
(9.24252 0 0.57619)
(9.12692 0 0.645288)
(9.00148 0 0.726099)
(8.86478 0 0.820146)
(8.71521 0 0.929177)
(8.55099 0 1.05516)
(8.37005 0 1.20027)
(8.16998 0 1.36689)
(7.9479 0 1.55753)
(7.70033 0 1.77474)
(7.42304 0 2.02097)
(7.11081 0 2.29828)
(6.75724 0 2.60795)
(6.35461 0 2.94989)
(5.89383 0 3.32174)
(5.36479 0 3.71774)
(4.7573 0 4.12734)
(4.06292 0 4.53384)
(3.278 0 4.91365)
(2.40758 0 5.23739)
(1.46899 0 5.47385)
(0.492846 0 5.59753)
(9.96145 0 0.366294)
(9.88459 0 0.373702)
(9.80762 0 0.388261)
(9.72937 0 0.409964)
(9.64875 0 0.439018)
(9.56474 0 0.475832)
(9.47634 0 0.521007)
(9.38257 0 0.575338)
(9.28241 0 0.639819)
(9.17483 0 0.715653)
(9.0587 0 0.804272)
(8.93282 0 0.907344)
(8.79586 0 1.0268)
(8.6463 0 1.16484)
(8.48236 0 1.32395)
(8.30194 0 1.50691)
(8.10243 0 1.71676)
(7.88057 0 1.95678)
(7.63222 0 2.23034)
(7.35199 0 2.54076)
(7.0329 0 2.89092)
(6.66592 0 3.28268)
(6.23959 0 3.71591)
(5.73987 0 4.18702)
(5.15067 0 4.68677)
(4.45564 0 5.19763)
(3.64213 0 5.69104)
(2.70766 0 6.12647)
(1.668 0 6.45508)
(0.56262 0 6.63129)
(9.96337 0 0.403114)
(9.89037 0 0.411152)
(9.81737 0 0.426944)
(9.74333 0 0.450471)
(9.6673 0 0.481945)
(9.58837 0 0.521788)
(9.5057 0 0.570631)
(9.41846 0 0.629308)
(9.3258 0 0.698866)
(9.22688 0 0.78058)
(9.12081 0 0.875968)
(9.00665 0 0.986815)
(8.88334 0 1.1152)
(8.74971 0 1.26352)
(8.60434 0 1.43454)
(8.44553 0 1.63141)
(8.27109 0 1.85768)
(8.07822 0 2.11736)
(7.86311 0 2.41485)
(7.62062 0 2.75491)
(7.34365 0 3.1424)
(7.02241 0 3.58187)
(6.64349 0 4.07666)
(6.18894 0 4.62731)
(5.63576 0 5.2287)
(4.95667 0 5.86575)
(4.12416 0 6.50739)
(3.11979 0 7.1007)
(1.95002 0 7.57017)
(0.663371 0 7.83207)
(9.96543 0 0.437983)
(9.89659 0 0.446579)
(9.82787 0 0.463462)
(9.75835 0 0.488597)
(9.68723 0 0.522193)
(9.61374 0 0.56468)
(9.53718 0 0.616702)
(9.45688 0 0.679116)
(9.37219 0 0.753005)
(9.28247 0 0.839684)
(9.18708 0 0.940732)
(9.08534 0 1.05801)
(8.97654 0 1.19371)
(8.85986 0 1.35037)
(8.73433 0 1.53098)
(8.59876 0 1.73898)
(8.45155 0 1.9784)
(8.29055 0 2.25391)
(8.11268 0 2.57092)
(7.91352 0 2.93568)
(7.68658 0 3.35528)
(7.42225 0 3.83755)
(7.10633 0 4.39051)
(6.71799 0 5.02114)
(6.22738 0 5.73251)
(5.5939 0 6.51811)
(4.76747 0 7.35165)
(3.69861 0 8.17183)
(2.36504 0 8.86709)
(0.816075 0 9.2811)
(9.96763 0 0.470767)
(9.9032 0 0.479846)
(9.83901 0 0.497669)
(9.77429 0 0.524187)
(9.70835 0 0.559596)
(9.64059 0 0.604324)
(9.57046 0 0.659016)
(9.49744 0 0.724534)
(9.42109 0 0.801972)
(9.34098 0 0.892663)
(9.25672 0 0.998208)
(9.16793 0 1.12051)
(9.07424 0 1.2618)
(8.97526 0 1.42473)
(8.87051 0 1.6124)
(8.75938 0 1.82849)
(8.64104 0 2.07735)
(8.51421 0 2.36419)
(8.37691 0 2.69529)
(8.22604 0 3.07825)
(8.0566 0 3.52235)
(7.86056 0 4.03886)
(7.62491 0 4.64132)
(7.32857 0 5.34528)
(6.93756 0 6.16675)
(6.39843 0 7.11715)
(5.63166 0 8.19058)
(4.53339 0 9.33608)
(3.00761 0 10.4091)
(1.06403 0 11.1225)
(9.96993 0 0.501346)
(9.91014 0 0.510831)
(9.8507 0 0.529443)
(9.79099 0 0.557111)
(9.73047 0 0.594016)
(9.66867 0 0.640572)
(9.6052 0 0.697411)
(9.53972 0 0.765386)
(9.47197 0 0.845574)
(9.40175 0 0.939299)
(9.32891 0 1.04815)
(9.25339 0 1.17402)
(9.17518 0 1.31914)
(9.09432 0 1.48618)
(9.01087 0 1.67826)
(8.92491 0 1.89917)
(8.83643 0 2.15342)
(8.74525 0 2.44656)
(8.65083 0 2.78541)
(8.55192 0 3.17858)
(8.44602 0 3.63707)
(8.3283 0 4.17518)
(8.18976 0 4.81173)
(8.01364 0 5.57168)
(7.76868 0 6.4876)
(7.39669 0 7.59956)
(6.79118 0 8.94757)
(5.76926 0 10.5404)
(4.06934 0 12.2603)
(1.50652 0 13.6402)
(9.97233 0 0.529624)
(9.91735 0 0.539437)
(9.86284 0 0.55868)
(9.80832 0 0.587263)
(9.75339 0 0.625344)
(9.69772 0 0.673311)
(9.64108 0 0.731773)
(9.5833 0 0.80155)
(9.5243 0 0.883687)
(9.4641 0 0.979464)
(9.40283 0 1.09042)
(9.34069 0 1.2184)
(9.27806 0 1.36557)
(9.21541 0 1.53452)
(9.15337 0 1.72832)
(9.0927 0 1.95068)
(9.03432 0 2.20609)
(8.97925 0 2.50013)
(8.92861 0 2.83977)
(8.88345 0 3.23401)
(8.84453 0 3.6947)
(8.81178 0 4.23788)
(8.7832 0 4.88598)
(8.75227 0 5.67133)
(8.70205 0 6.64208)
(8.59064 0 7.87163)
(8.31543 0 9.47185)
(7.628 0 11.5995)
(5.96808 0 14.3887)
(2.39941 0 17.4659)
(9.97479 0 0.55552)
(9.92477 0 0.565582)
(9.87532 0 0.585303)
(9.82612 0 0.614566)
(9.7769 0 0.653502)
(9.72748 0 0.702467)
(9.67776 0 0.762029)
(9.62775 0 0.832963)
(9.57756 0 0.916257)
(9.5274 0 1.01312)
(9.47764 0 1.12501)
(9.4288 0 1.25366)
(9.38159 0 1.40112)
(9.3369 0 1.56983)
(9.2959 0 1.76267)
(9.26006 0 1.98314)
(9.23118 0 2.23548)
(9.21154 0 2.52495)
(9.20393 0 2.8582)
(9.21186 0 3.24385)
(9.23972 0 3.69337)
(9.29303 0 4.2226)
(9.3788 0 4.85424)
(9.50572 0 5.62238)
(9.68367 0 6.58121)
(9.9195 0 7.82322)
(10.1955 0 9.52068)
(10.3676 0 12.0308)
(9.68263 0 16.1894)
(4.48444 0 24.2082)
(0.33112 0 -0.324312)
(0.99693 0 -0.320066)
(1.6653 0 -0.31156)
(2.32703 0 -0.299081)
(2.97323 0 -0.283185)
(3.59585 0 -0.264626)
(4.18817 0 -0.244256)
(4.74507 0 -0.222933)
(5.26314 0 -0.201434)
(5.74054 0 -0.180408)
(6.17686 0 -0.160348)
(6.57282 0 -0.141594)
(6.92999 0 -0.124346)
(7.25053 0 -0.108692)
(7.53696 0 -0.0946311)
(7.79195 0 -0.0821022)
(8.01818 0 -0.071004)
(8.21828 0 -0.0612128)
(8.39467 0 -0.0525947)
(8.54962 0 -0.0450145)
(8.68513 0 -0.0383415)
(8.80301 0 -0.0324527)
(8.90479 0 -0.0272337)
(8.99178 0 -0.0225797)
(9.06505 0 -0.0183946)
(9.12546 0 -0.0145894)
(9.1736 0 -0.0110809)
(9.20982 0 -0.00778969)
(9.23423 0 -0.00463715)
(9.24663 0 -0.00154274)
(0.335229 0 -0.976959)
(1.00908 0 -0.963953)
(1.68485 0 -0.937926)
(2.35286 0 -0.899802)
(3.00387 0 -0.851341)
(3.62966 0 -0.794893)
(4.22354 0 -0.733097)
(4.78055 0 -0.668568)
(5.29754 0 -0.60366)
(5.773 0 -0.540314)
(6.20681 0 -0.479992)
(6.59994 0 -0.423684)
(6.95419 0 -0.371965)
(7.27188 0 -0.325072)
(7.55561 0 -0.282985)
(7.80813 0 -0.245504)
(8.03215 0 -0.212317)
(8.2303 0 -0.183045)
(8.405 0 -0.157284)
(8.55849 0 -0.134627)
(8.69277 0 -0.11468)
(8.8096 0 -0.0970758)
(8.91051 0 -0.0814722)
(8.99678 0 -0.0675557)
(9.06947 0 -0.055039)
(9.1294 0 -0.0436566)
(9.17718 0 -0.0331602)
(9.21313 0 -0.0233122)
(9.23736 0 -0.0138781)
(9.24967 0 -0.00461717)
(0.343706 0 -1.64193)
(1.03411 0 -1.61932)
(1.72506 0 -1.57417)
(2.40586 0 -1.50826)
(3.06653 0 -1.42483)
(3.69856 0 -1.32813)
(4.29534 0 -1.22282)
(4.85231 0 -1.1134)
(5.36691 0 -1.00386)
(5.83825 0 -0.897412)
(6.26684 0 -0.796419)
(6.6542 0 -0.702439)
(7.00253 0 -0.616339)
(7.31445 0 -0.538428)
(7.59277 0 -0.468608)
(7.84034 0 -0.4065)
(8.05995 0 -0.351549)
(8.25421 0 -0.303104)
(8.42554 0 -0.26048)
(8.57614 0 -0.222993)
(8.70795 0 -0.18999)
(8.82271 0 -0.160856)
(8.92189 0 -0.135027)
(9.00673 0 -0.111984)
(9.07825 0 -0.0912509)
(9.13726 0 -0.0723906)
(9.1843 0 -0.0549927)
(9.21973 0 -0.0386648)
(9.24361 0 -0.0230193)
(9.25574 0 -0.00765863)
(0.357109 0 -2.32834)
(1.07362 0 -2.29457)
(1.78832 0 -2.22736)
(2.48882 0 -2.12978)
(3.16406 0 -2.00713)
(3.80514 0 -1.86606)
(4.40571 0 -1.71365)
(4.96196 0 -1.55652)
(5.4723 0 -1.40035)
(5.9369 0 -1.24956)
(6.35724 0 -1.10729)
(6.73561 0 -0.975507)
(7.07485 0 -0.855226)
(7.37799 0 -0.746704)
(7.64814 0 -0.649668)
(7.88829 0 -0.563489)
(8.10129 0 -0.487324)
(8.28976 0 -0.420222)
(8.45607 0 -0.361202)
(8.60236 0 -0.3093)
(8.73053 0 -0.263598)
(8.84221 0 -0.223244)
(8.93882 0 -0.187453)
(9.02154 0 -0.155506)
(9.09133 0 -0.126748)
(9.14895 0 -0.100574)
(9.19493 0 -0.0764174)
(9.22956 0 -0.0537363)
(9.25292 0 -0.0319955)
(9.26478 0 -0.0106456)
(0.376387 0 -3.04675)
(1.13029 0 -2.99929)
(1.87859 0 -2.90531)
(2.60636 0 -2.76996)
(3.30108 0 -2.60152)
(3.95351 0 -2.40991)
(4.55796 0 -2.2052)
(5.1119 0 -1.99641)
(5.61528 0 -1.79092)
(6.06981 0 -1.59421)
(6.47829 0 -1.40997)
(6.84411 0 -1.24035)
(7.17085 0 -1.08628)
(7.4621 0 -0.947796)
(7.72127 0 -0.82432)
(7.95152 0 -0.71488)
(8.15575 0 -0.618288)
(8.33655 0 -0.533259)
(8.49625 0 -0.458499)
(8.63689 0 -0.392757)
(8.76025 0 -0.334856)
(8.86789 0 -0.283709)
(8.96113 0 -0.238318)
(9.04106 0 -0.197778)
(9.10859 0 -0.161259)
(9.16439 0 -0.127997)
(9.20896 0 -0.0972787)
(9.24255 0 -0.0684195)
(9.26522 0 -0.0407438)
(9.27675 0 -0.0135574)
(0.403045 0 -3.81016)
(1.20835 0 -3.74499)
(2.00199 0 -3.61694)
(2.76542 0 -3.43461)
(3.4843 0 -3.21085)
(4.14945 0 -2.96009)
(4.75656 0 -2.69613)
(5.30525 0 -2.43064)
(5.79776 0 -2.1726)
(6.23792 0 -1.92824)
(6.63027 0 -1.70144)
(6.97949 0 -1.49418)
(7.29007 0 -1.30702)
(7.56617 0 -1.13954)
(7.81151 0 -0.990709)
(8.0294 0 -0.859102)
(8.22274 0 -0.74312)
(8.39408 0 -0.641112)
(8.54563 0 -0.551455)
(8.67932 0 -0.472609)
(8.7968 0 -0.403143)
(8.89949 0 -0.341743)
(8.9886 0 -0.287214)
(9.06512 0 -0.238471)
(9.12986 0 -0.194523)
(9.18344 0 -0.15446)
(9.22628 0 -0.117428)
(9.25861 0 -0.0826121)
(9.28044 0 -0.0492041)
(9.29154 0 -0.016374)
(0.43945 0 -4.63533)
(1.31435 0 -4.5461)
(2.16779 0 -4.37267)
(2.97614 0 -4.12968)
(3.72318 0 -3.83707)
(4.40072 0 -3.5156)
(5.00723 0 -3.18361)
(5.54574 0 -2.85547)
(6.02185 0 -2.54138)
(6.44213 0 -2.2478)
(6.81323 0 -1.97821)
(7.14129 0 -1.73394)
(7.43176 0 -1.51482)
(7.68932 0 -1.31973)
(7.91797 0 -1.14699)
(8.12109 0 -0.994619)
(8.30152 0 -0.860551)
(8.46169 0 -0.742734)
(8.60367 0 -0.639208)
(8.7292 0 -0.548148)
(8.83978 0 -0.467879)
(8.93668 0 -0.396875)
(9.02095 0 -0.333758)
(9.09349 0 -0.277278)
(9.15498 0 -0.226298)
(9.20595 0 -0.179774)
(9.24677 0 -0.136727)
(9.27761 0 -0.0962181)
(9.29845 0 -0.05732)
(9.30905 0 -0.0190769)
(0.489398 0 -5.54508)
(1.45857 0 -5.42133)
(2.39003 0 -5.1847)
(3.25316 0 -4.86066)
(4.0306 0 -4.48036)
(4.71728 0 -4.07317)
(5.31678 0 -3.66262)
(5.83749 0 -3.26539)
(6.28955 0 -2.892)
(6.68298 0 -2.54819)
(7.0268 0 -2.23626)
(7.32864 0 -1.9563)
(7.59481 0 -1.70696)
(7.83041 0 -1.48614)
(8.03955 0 -1.29135)
(8.22557 0 -1.11996)
(8.39117 0 -0.969383)
(8.5386 0 -0.837146)
(8.66968 0 -0.720959)
(8.78596 0 -0.618722)
(8.88873 0 -0.528531)
(8.97907 0 -0.448672)
(9.05788 0 -0.377598)
(9.1259 0 -0.313917)
(9.1837 0 -0.256362)
(9.23173 0 -0.203768)
(9.27026 0 -0.155046)
(9.29941 0 -0.109149)
(9.31913 0 -0.0650392)
(9.32917 0 -0.0216487)
(0.559206 0 -6.57213)
(1.65769 0 -6.39586)
(2.69033 0 -6.06711)
(3.61765 0 -5.63139)
(4.42386 0 -5.13749)
(5.11139 0 -4.62589)
(5.69283 0 -4.12509)
(6.18447 0 -3.65262)
(6.60233 0 -3.21766)
(6.96038 0 -2.82379)
(7.26999 0 -2.4711)
(7.54013 0 -2.1577)
(7.77767 0 -1.88065)
(7.98789 0 -1.63659)
(8.17482 0 -1.42207)
(8.34159 0 -1.23376)
(8.49064 0 -1.06852)
(8.62389 0 -0.923464)
(8.74291 0 -0.795991)
(8.84897 0 -0.683746)
(8.94312 0 -0.584625)
(9.02623 0 -0.496745)
(9.09901 0 -0.418421)
(9.16205 0 -0.348136)
(9.2158 0 -0.284513)
(9.26057 0 -0.226287)
(9.29657 0 -0.17227)
(9.32386 0 -0.121324)
(9.34234 0 -0.0723143)
(9.35176 0 -0.0240738)
(0.659974 0 -7.76624)
(1.93979 0 -7.50433)
(3.10264 0 -7.03479)
(4.10003 0 -6.44125)
(4.92545 0 -5.79913)
(5.59728 0 -5.1613)
(6.14297 0 -4.55879)
(6.58971 0 -4.00664)
(6.96044 0 -3.50994)
(7.27305 0 -3.06814)
(7.54086 0 -2.67785)
(7.77359 0 -2.33449)
(7.97823 0 -2.03313)
(8.15985 0 -1.76898)
(8.32211 0 -1.53755)
(8.46771 0 -1.33477)
(8.59867 0 -1.15698)
(8.71653 0 -1.00091)
(8.82249 0 -0.863681)
(8.91751 0 -0.742716)
(9.00237 0 -0.635748)
(9.07768 0 -0.540761)
(9.14397 0 -0.455955)
(9.20163 0 -0.379715)
(9.25099 0 -0.310577)
(9.29224 0 -0.247193)
(9.3255 0 -0.188298)
(9.35077 0 -0.132672)
(9.36791 0 -0.0791037)
(9.37666 0 -0.0263383)
(0.812661 0 -9.20859)
(2.3548 0 -8.79469)
(3.68156 0 -8.09952)
(4.74364 0 -7.27921)
(5.56324 0 -6.44525)
(6.18975 0 -5.65885)
(6.67317 0 -4.94627)
(7.05403 0 -4.31401)
(7.36208 0 -3.75896)
(7.61811 0 -3.27414)
(7.83623 0 -2.85147)
(8.02598 0 -2.48309)
(8.19377 0 -2.16186)
(8.34392 0 -1.88146)
(8.4794 0 -1.63641)
(8.60224 0 -1.42195)
(8.71389 0 -1.23396)
(8.81538 0 -1.06886)
(8.9075 0 -0.923518)
(8.99083 0 -0.795218)
(9.06584 0 -0.681564)
(9.1329 0 -0.580442)
(9.1923 0 -0.489973)
(9.24427 0 -0.408471)
(9.28897 0 -0.334407)
(9.32649 0 -0.266373)
(9.35684 0 -0.203042)
(9.37996 0 -0.143134)
(9.39568 0 -0.0853713)
(9.4037 0 -0.0284304)
(1.06052 0 -11.0433)
(2.99719 0 -10.3302)
(4.51628 0 -9.25754)
(5.60802 0 -8.11211)
(6.3683 0 -7.03833)
(6.90082 0 -6.08711)
(7.285 0 -5.26435)
(7.57421 0 -4.55862)
(7.80234 0 -3.9539)
(7.99044 0 -3.4346)
(8.15143 0 -2.98718)
(8.29329 0 -2.60029)
(8.42091 0 -2.26462)
(8.53734 0 -1.97249)
(8.64443 0 -1.71755)
(8.74334 0 -1.49449)
(8.83478 0 -1.29884)
(8.91922 0 -1.12681)
(8.99693 0 -0.975113)
(9.0681 0 -0.840937)
(9.13288 0 -0.721813)
(9.19135 0 -0.615574)
(9.24358 0 -0.520297)
(9.28961 0 -0.434255)
(9.32945 0 -0.355883)
(9.36306 0 -0.28373)
(9.39036 0 -0.21643)
(9.41123 0 -0.152658)
(9.42545 0 -0.0910873)
(9.43272 0 -0.0303401)
(1.50274 0 -13.5538)
(4.05838 0 -12.1749)
(5.7518 0 -10.4559)
(6.76759 0 -8.8634)
(7.36706 0 -7.51513)
(7.73287 0 -6.40233)
(7.97141 0 -5.48501)
(8.14079 0 -4.72314)
(8.27221 0 -4.08413)
(8.38236 0 -3.54302)
(8.48022 0 -3.08094)
(8.57052 0 -2.68355)
(8.65571 0 -2.33979)
(8.73695 0 -2.04098)
(8.81469 0 -1.78021)
(8.889 0 -1.55184)
(8.95975 0 -1.35122)
(9.02674 0 -1.17445)
(9.08973 0 -1.01822)
(9.14848 0 -0.879662)
(9.20279 0 -0.756317)
(9.25246 0 -0.646006)
(9.29734 0 -0.546799)
(9.33726 0 -0.456963)
(9.37209 0 -0.374916)
(9.40166 0 -0.299195)
(9.42582 0 -0.228409)
(9.44436 0 -0.161206)
(9.45704 0 -0.0962285)
(9.46353 0 -0.0320596)
(2.39492 0 -17.3713)
(5.95583 0 -14.2969)
(7.60972 0 -11.5095)
(8.29171 0 -9.3825)
(8.56149 0 -7.78205)
(8.66725 0 -6.55156)
(8.71151 0 -5.57927)
(8.73611 0 -4.79182)
(8.75797 0 -4.14107)
(8.78357 0 -3.59466)
(8.81486 0 -3.13013)
(8.85186 0 -2.73138)
(8.89373 0 -2.38651)
(8.93935 0 -2.08644)
(8.98753 0 -1.82409)
(9.03714 0 -1.5938)
(9.08714 0 -1.39094)
(9.13663 0 -1.21166)
(9.18484 0 -1.05271)
(9.2311 0 -0.911294)
(9.27486 0 -0.784985)
(9.31566 0 -0.671654)
(9.35309 0 -0.569404)
(9.38682 0 -0.476525)
(9.41656 0 -0.391449)
(9.44203 0 -0.312718)
(9.46298 0 -0.238939)
(9.47915 0 -0.168751)
(9.49023 0 -0.100778)
(9.49592 0 -0.0335832)
(4.47802 0 -24.1029)
(9.66734 0 -16.0921)
(10.3478 0 -11.9363)
(10.1716 0 -9.4269)
(9.89091 0 -7.72903)
(9.65001 0 -6.48588)
(9.46657 0 -5.5253)
(9.33376 0 -4.75486)
(9.24169 0 -4.12036)
(9.18165 0 -3.58767)
(9.14659 0 -3.13406)
(9.13095 0 -2.74363)
(9.13028 0 -2.40484)
(9.14101 0 -2.10898)
(9.16024 0 -1.84932)
(9.18564 0 -1.62049)
(9.21527 0 -1.41809)
(9.24756 0 -1.23851)
(9.28119 0 -1.07864)
(9.3151 0 -0.935843)
(9.3484 0 -0.807811)
(9.38036 0 -0.692501)
(9.41036 0 -0.588087)
(9.4379 0 -0.492914)
(9.46253 0 -0.405454)
(9.48388 0 -0.324274)
(9.50159 0 -0.247999)
(9.51535 0 -0.175275)
(9.52483 0 -0.104725)
(9.52972 0 -0.0349075)
(9.97736 0 0.579375)
(9.93249 0 0.589611)
(9.8883 0 0.609659)
(9.84461 0 0.639376)
(9.80128 0 0.678858)
(9.75827 0 0.728419)
(9.71563 0 0.788574)
(9.67353 0 0.860035)
(9.63224 0 0.943709)
(9.5922 0 1.04071)
(9.55399 0 1.15237)
(9.5184 0 1.28028)
(9.48646 0 1.4263)
(9.45949 0 1.59262)
(9.43913 0 1.78185)
(9.4275 0 1.99709)
(9.42726 0 2.24211)
(9.4418 0 2.52151)
(9.47551 0 2.8411)
(9.53419 0 3.20827)
(9.62561 0 3.63282)
(9.76067 0 4.12804)
(9.95515 0 4.71271)
(10.2334 0 5.4145)
(10.6357 0 6.27643)
(11.2368 0 7.36991)
(12.1978 0 8.82364)
(13.9402 0 10.8948)
(17.8102 0 14.1652)
(28.8466 0 20.1492)
(9.98004 0 0.601278)
(9.94055 0 0.611612)
(9.90185 0 0.631837)
(9.86387 0 0.661779)
(9.82663 0 0.701494)
(9.79023 0 0.751246)
(9.75484 0 0.811485)
(9.72079 0 0.882839)
(9.68853 0 0.966116)
(9.65865 0 1.0623)
(9.63197 0 1.17258)
(9.60952 0 1.29833)
(9.59262 0 1.44117)
(9.58293 0 1.60299)
(9.58254 0 1.78597)
(9.59411 0 1.99271)
(9.621 0 2.22625)
(9.66753 0 2.49027)
(9.73936 0 2.78921)
(9.84403 0 3.12859)
(9.99186 0 3.51529)
(10.1974 0 3.95814)
(10.4822 0 4.46852)
(10.8792 0 5.06117)
(11.4425 0 5.75468)
(12.2652 0 6.56993)
(13.5172 0 7.51951)
(15.5116 0 8.56088)
(18.7625 0 9.40689)
(23.591 0 8.77008)
(9.98281 0 0.62084)
(9.94885 0 0.631192)
(9.91577 0 0.651434)
(9.88365 0 0.681362)
(9.85262 0 0.720987)
(9.8229 0 0.770512)
(9.79482 0 0.830309)
(9.76882 0 0.900912)
(9.7455 0 0.983008)
(9.72564 0 1.07743)
(9.71022 0 1.18518)
(9.70048 0 1.30739)
(9.69797 0 1.4454)
(9.70464 0 1.60069)
(9.72292 0 1.77498)
(9.75584 0 1.97021)
(9.80727 0 2.18856)
(9.88214 0 2.43254)
(9.98683 0 2.70495)
(10.1298 0 3.00893)
(10.3225 0 3.34788)
(10.5808 0 3.72524)
(10.9269 0 4.14382)
(11.3935 0 4.6042)
(12.0288 0 5.10077)
(12.9042 0 5.61221)
(14.1205 0 6.07892)
(15.7966 0 6.35151)
(17.9843 0 6.08509)
(20.3763 0 4.59144)
(9.98563 0 0.637858)
(9.95733 0 0.648146)
(9.92998 0 0.668246)
(9.9038 0 0.69792)
(9.87903 0 0.737129)
(9.85602 0 0.786009)
(9.8352 0 0.844847)
(9.81716 0 0.914066)
(9.80261 0 0.994216)
(9.79246 0 1.08596)
(9.78785 0 1.19009)
(9.79017 0 1.30747)
(9.80114 0 1.4391)
(9.8229 0 1.58606)
(9.85808 0 1.74949)
(9.90995 0 1.93063)
(9.98257 0 2.13073)
(10.0811 0 2.35101)
(10.2121 0 2.59255)
(10.384 0 2.85604)
(10.6079 0 3.14142)
(10.8984 0 3.44711)
(11.2746 0 3.76856)
(11.7623 0 4.09565)
(12.3942 0 4.40768)
(13.209 0 4.66432)
(14.2433 0 4.79029)
(15.5045 0 4.65321)
(16.9105 0 4.04594)
(18.1949 0 2.72508)
(9.9885 0 0.652143)
(9.96592 0 0.662286)
(9.94436 0 0.682085)
(9.92415 0 0.711267)
(9.90564 0 0.749741)
(9.88929 0 0.797569)
(9.87564 0 0.854945)
(9.86536 0 0.922173)
(9.85928 0 0.999654)
(9.85841 0 1.08787)
(9.86399 0 1.18738)
(9.87751 0 1.29877)
(9.9008 0 1.42268)
(9.93607 0 1.55973)
(9.98603 0 1.71053)
(10.054 0 1.87558)
(10.1439 0 2.05519)
(10.2609 0 2.24935)
(10.4109 0 2.45752)
(10.6018 0 2.67826)
(10.8429 0 2.90864)
(11.146 0 3.14332)
(11.5252 0 3.37301)
(11.9967 0 3.58203)
(12.5773 0 3.74466)
(13.2797 0 3.81993)
(14.1028 0 3.74605)
(15.0131 0 3.43813)
(15.9194 0 2.80031)
(16.657 0 1.77228)
(9.99138 0 0.66352)
(9.97456 0 0.673442)
(9.9588 0 0.692784)
(9.94453 0 0.721243)
(9.93223 0 0.758674)
(9.92242 0 0.805063)
(9.91574 0 0.860502)
(9.91294 0 0.925173)
(9.91493 0 0.999322)
(9.92278 0 1.08324)
(9.93777 0 1.17724)
(9.96147 0 1.28164)
(9.99571 0 1.39672)
(10.0427 0 1.52266)
(10.105 0 1.65951)
(10.1859 0 1.80711)
(10.2891 0 1.96491)
(10.4189 0 2.13186)
(10.5809 0 2.30607)
(10.7812 0 2.48449)
(11.027 0 2.66226)
(11.3267 0 2.8319)
(11.6886 0 2.98212)
(12.1208 0 3.0962)
(12.6278 0 3.15017)
(13.2069 0 3.11124)
(13.8412 0 2.93793)
(14.491 0 2.58488)
(15.0873 0 2.0168)
(15.5367 0 1.23434)
(9.99425 0 0.671837)
(9.98316 0 0.68146)
(9.97316 0 0.7002)
(9.96477 0 0.727719)
(9.95855 0 0.763818)
(9.95511 0 0.808405)
(9.95514 0 0.861474)
(9.95946 0 0.923078)
(9.969 0 0.993307)
(9.98489 0 1.07226)
(10.0084 0 1.16003)
(10.0411 0 1.25664)
(10.0848 0 1.36204)
(10.1415 0 1.47601)
(10.2138 0 1.59811)
(10.3044 0 1.72759)
(10.4166 0 1.8632)
(10.5541 0 2.00308)
(10.7213 0 2.14442)
(10.9228 0 2.28315)
(11.1634 0 2.41347)
(11.4479 0 2.52725)
(11.7801 0 2.61329)
(12.1619 0 2.65669)
(12.5904 0 2.63836)
(13.0561 0 2.5355)
(13.5385 0 2.32381)
(14.0043 0 1.98277)
(14.4071 0 1.50464)
(14.6952 0 0.905681)
(9.99709 0 0.676961)
(9.99167 0 0.686216)
(9.98734 0 0.704216)
(9.9847 0 0.730594)
(9.98439 0 0.765098)
(9.98707 0 0.807559)
(9.99347 0 0.857873)
(10.0045 0 0.915968)
(10.021 0 0.981782)
(10.0441 0 1.05524)
(10.0752 0 1.1362)
(10.1157 0 1.22444)
(10.1672 0 1.31961)
(10.2317 0 1.42114)
(10.3113 0 1.52819)
(10.4085 0 1.63953)
(10.5259 0 1.75342)
(10.6665 0 1.86745)
(10.8332 0 1.97831)
(11.0293 0 2.08151)
(11.2574 0 2.17112)
(11.5195 0 2.23941)
(11.816 0 2.27662)
(12.1448 0 2.27084)
(12.4999 0 2.20844)
(12.8695 0 2.07516)
(13.2357 0 1.85849)
(13.5732 0 1.55134)
(13.8528 0 1.15678)
(14.0456 0 0.691994)
(9.99988 0 0.678785)
(10 0 0.687608)
(10.0012 0 0.704746)
(10.0041 0 0.729804)
(10.0095 0 0.76248)
(10.018 0 0.802535)
(10.0304 0 0.849767)
(10.0475 0 0.903989)
(10.0704 0 0.964998)
(10.1 0 1.03255)
(10.1376 0 1.10631)
(10.1845 0 1.18584)
(10.2423 0 1.27053)
(10.3125 0 1.35952)
(10.3971 0 1.45167)
(10.498 0 1.54544)
(10.6172 0 1.63878)
(10.7568 0 1.729)
(10.9188 0 1.81264)
(11.1048 0 1.88528)
(11.3158 0 1.94143)
(11.5518 0 1.97442)
(11.8111 0 1.97639)
(12.0897 0 1.93866)
(12.3804 0 1.85227)
(12.6725 0 1.70918)
(12.9514 0 1.50402)
(13.1996 0 1.23622)
(13.3986 0 0.912139)
(13.5324 0 0.546026)
(10.0026 0 0.677229)
(10.0081 0 0.685566)
(10.0146 0 0.701734)
(10.0229 0 0.725319)
(10.0337 0 0.755972)
(10.0477 0 0.793387)
(10.0656 0 0.837278)
(10.0883 0 0.88735)
(10.1168 0 0.943273)
(10.152 0 1.00466)
(10.1951 0 1.07101)
(10.2472 0 1.1417)
(10.3096 0 1.21593)
(10.3838 0 1.29263)
(10.4711 0 1.37046)
(10.5732 0 1.44769)
(10.6913 0 1.52215)
(10.8268 0 1.59112)
(10.9808 0 1.65127)
(11.1537 0 1.69856)
(11.3453 0 1.72828)
(11.5543 0 1.73502)
(11.7779 0 1.71294)
(12.0115 0 1.65611)
(12.2482 0 1.55912)
(12.4791 0 1.41803)
(12.6931 0 1.2314)
(12.8783 0 1.00144)
(13.0234 0 0.734752)
(13.1191 0 0.442272)
(10.0052 0 0.672243)
(10.0159 0 0.680047)
(10.0275 0 0.695157)
(10.0409 0 0.717144)
(10.0568 0 0.745619)
(10.0758 0 0.780217)
(10.0988 0 0.820577)
(10.1266 0 0.866311)
(10.1599 0 0.916984)
(10.1999 0 0.972083)
(10.2473 0 1.03099)
(10.3033 0 1.09293)
(10.369 0 1.15696)
(10.4454 0 1.22191)
(10.5336 0 1.28631)
(10.6347 0 1.34839)
(10.7495 0 1.40599)
(10.8787 0 1.45654)
(11.0225 0 1.49702)
(11.1807 0 1.52397)
(11.3523 0 1.53355)
(11.5352 0 1.52165)
(11.7263 0 1.48417)
(11.921 0 1.41734)
(12.1134 0 1.31822)
(12.2964 0 1.18535)
(12.4622 0 1.01929)
(12.6026 0 0.823126)
(12.7105 0 0.602665)
(12.7808 0 0.366068)
(10.0077 0 0.663805)
(10.0233 0 0.671039)
(10.0398 0 0.685025)
(10.058 0 0.70532)
(10.0786 0 0.731504)
(10.1022 0 0.763165)
(10.1298 0 0.799876)
(10.162 0 0.841177)
(10.1995 0 0.886545)
(10.2433 0 0.935377)
(10.2942 0 0.986955)
(10.3529 0 1.04042)
(10.4205 0 1.09475)
(10.4976 0 1.1487)
(10.5851 0 1.20081)
(10.6836 0 1.24934)
(10.7934 0 1.29226)
(10.9148 0 1.32727)
(11.0474 0 1.35175)
(11.1904 0 1.36289)
(11.3424 0 1.3577)
(11.5011 0 1.33324)
(11.6634 0 1.28677)
(11.8253 0 1.21611)
(11.982 0 1.11993)
(12.1279 0 0.998151)
(12.2575 0 0.852208)
(12.3655 0 0.685236)
(12.4474 0 0.501993)
(12.5002 0 0.308517)
(10.01 0 0.651923)
(10.0303 0 0.658564)
(10.0514 0 0.671378)
(10.074 0 0.689919)
(10.0989 0 0.713744)
(10.1268 0 0.742405)
(10.1584 0 0.775424)
(10.1943 0 0.812284)
(10.2354 0 0.8524)
(10.2822 0 0.895105)
(10.3355 0 0.939622)
(10.396 0 0.985046)
(10.4643 0 1.03032)
(10.541 0 1.07421)
(10.6265 0 1.11531)
(10.721 0 1.15199)
(10.8248 0 1.18244)
(10.9375 0 1.20466)
(11.0584 0 1.2165)
(11.1866 0 1.21574)
(11.3203 0 1.2002)
(11.4573 0 1.16783)
(11.5948 0 1.11697)
(11.7294 0 1.04649)
(11.8573 0 0.956064)
(11.9744 0 0.846313)
(12.0769 0 0.718955)
(12.1611 0 0.576808)
(12.2243 0 0.423659)
(12.2648 0 0.263977)
(10.0122 0 0.636637)
(10.0368 0 0.642669)
(10.0621 0 0.654287)
(10.0889 0 0.671045)
(10.1177 0 0.692488)
(10.1493 0 0.718141)
(10.1844 0 0.747494)
(10.2236 0 0.779988)
(10.2674 0 0.815001)
(10.3165 0 0.851828)
(10.3715 0 0.889669)
(10.4328 0 0.927607)
(10.5008 0 0.964602)
(10.576 0 0.999478)
(10.6586 0 1.03092)
(10.7485 0 1.05747)
(10.8455 0 1.07756)
(10.9491 0 1.08952)
(11.0586 0 1.09166)
(11.1727 0 1.08229)
(11.2897 0 1.05986)
(11.4077 0 1.02307)
(11.5241 0 0.970991)
(11.6362 0 0.903197)
(11.7411 0 0.819908)
(11.8359 0 0.722064)
(11.9177 0 0.611362)
(11.9843 0 0.490201)
(12.0339 0 0.361547)
(12.0655 0 0.228728)
(10.0143 0 0.618009)
(10.0429 0 0.623429)
(10.0721 0 0.633848)
(10.1025 0 0.648828)
(10.1349 0 0.667908)
(10.1698 0 0.690599)
(10.2079 0 0.716374)
(10.2497 0 0.744653)
(10.2957 0 0.774795)
(10.3464 0 0.806086)
(10.4022 0 0.837727)
(10.4635 0 0.868826)
(10.5306 0 0.898393)
(10.6036 0 0.925339)
(10.6825 0 0.948482)
(10.7672 0 0.966558)
(10.8572 0 0.978246)
(10.9519 0 0.982207)
(11.0505 0 0.977132)
(11.1516 0 0.961808)
(11.2538 0 0.935194)
(11.3552 0 0.896514)
(11.4539 0 0.84534)
(11.5476 0 0.781679)
(11.6342 0 0.706036)
(11.7114 0 0.61944)
(11.7775 0 0.52343)
(11.8308 0 0.419988)
(11.8703 0 0.311426)
(11.8955 0 0.200237)
(10.0161 0 0.596132)
(10.0484 0 0.600947)
(10.0811 0 0.610184)
(10.1149 0 0.623418)
(10.1504 0 0.640193)
(10.1882 0 0.660019)
(10.2288 0 0.682362)
(10.2726 0 0.706639)
(10.3202 0 0.732212)
(10.3719 0 0.758378)
(10.428 0 0.784364)
(10.4887 0 0.809327)
(10.5542 0 0.832353)
(10.6245 0 0.852462)
(10.6994 0 0.86862)
(10.7786 0 0.87976)
(10.8616 0 0.884806)
(10.9478 0 0.88271)
(11.0361 0 0.872501)
(11.1256 0 0.853337)
(11.2147 0 0.824563)
(11.302 0 0.785775)
(11.3859 0 0.736873)
(11.4646 0 0.678107)
(11.5365 0 0.610101)
(11.6 0 0.533852)
(11.6539 0 0.450695)
(11.6972 0 0.362244)
(11.7292 0 0.270295)
(11.7496 0 0.176729)
(10.0178 0 0.571116)
(10.0534 0 0.575343)
(10.0892 0 0.583435)
(10.126 0 0.594984)
(10.1642 0 0.609549)
(10.2044 0 0.626647)
(10.247 0 0.645753)
(10.2925 0 0.666295)
(10.3412 0 0.687654)
(10.3934 0 0.709155)
(10.4492 0 0.730074)
(10.5089 0 0.749631)
(10.5723 0 0.767004)
(10.6395 0 0.781334)
(10.7101 0 0.79174)
(10.7839 0 0.797341)
(10.8602 0 0.797284)
(10.9383 0 0.790775)
(11.0174 0 0.777117)
(11.0965 0 0.755757)
(11.1743 0 0.726318)
(11.2496 0 0.68865)
(11.3212 0 0.642851)
(11.3877 0 0.589294)
(11.4478 0 0.528625)
(11.5006 0 0.461753)
(11.5451 0 0.389805)
(11.5806 0 0.314082)
(11.6069 0 0.235981)
(11.6238 0 0.156931)
(10.0193 0 0.543094)
(10.0578 0 0.546758)
(10.0965 0 0.553757)
(10.1358 0 0.563707)
(10.1763 0 0.576186)
(10.2186 0 0.59073)
(10.2628 0 0.606832)
(10.3095 0 0.623945)
(10.3589 0 0.641482)
(10.4111 0 0.658813)
(10.4663 0 0.67527)
(10.5245 0 0.690153)
(10.5856 0 0.702737)
(10.6495 0 0.712286)
(10.7159 0 0.718065)
(10.7843 0 0.719366)
(10.8543 0 0.715528)
(10.9251 0 0.705968)
(10.9959 0 0.690208)
(11.0658 0 0.667905)
(11.1339 0 0.638883)
(11.1992 0 0.60315)
(11.2605 0 0.560918)
(11.317 0 0.512605)
(11.3678 0 0.458828)
(11.412 0 0.400382)
(11.4491 0 0.338207)
(11.4787 0 0.273342)
(11.5006 0 0.20688)
(11.5148 0 0.139909)
(10.0206 0 0.512209)
(10.0618 0 0.515345)
(10.1028 0 0.521317)
(10.1444 0 0.529773)
(10.1869 0 0.540316)
(10.2308 0 0.552506)
(10.2763 0 0.565866)
(10.3238 0 0.579885)
(10.3734 0 0.594016)
(10.4253 0 0.607683)
(10.4796 0 0.620285)
(10.5361 0 0.631205)
(10.5948 0 0.639817)
(10.6554 0 0.645504)
(10.7176 0 0.647665)
(10.781 0 0.645744)
(10.8451 0 0.639242)
(10.9092 0 0.627744)
(10.9726 0 0.610937)
(11.0347 0 0.588636)
(11.0945 0 0.560792)
(11.1513 0 0.527514)
(11.2042 0 0.489066)
(11.2526 0 0.445867)
(11.2958 0 0.398476)
(11.3333 0 0.347575)
(11.3646 0 0.293935)
(11.3896 0 0.238388)
(11.4081 0 0.181786)
(11.4203 0 0.124968)
(10.0218 0 0.478617)
(10.0652 0 0.481263)
(10.1083 0 0.486287)
(10.1518 0 0.49337)
(10.1959 0 0.502143)
(10.2411 0 0.512201)
(10.2875 0 0.523102)
(10.3355 0 0.534375)
(10.3851 0 0.545524)
(10.4365 0 0.556032)
(10.4896 0 0.56537)
(10.5443 0 0.573002)
(10.6004 0 0.578401)
(10.6578 0 0.581056)
(10.7161 0 0.580488)
(10.7748 0 0.576267)
(10.8336 0 0.568029)
(10.8917 0 0.555488)
(10.9488 0 0.538456)
(11.004 0 0.516852)
(11.0568 0 0.490714)
(11.1065 0 0.460202)
(11.1525 0 0.425595)
(11.1943 0 0.387287)
(11.2314 0 0.34577)
(11.2635 0 0.301618)
(11.2903 0 0.25546)
(11.3117 0 0.207959)
(11.3276 0 0.159783)
(11.3382 0 0.111577)
(10.0228 0 0.442479)
(10.0681 0 0.444678)
(10.113 0 0.448841)
(10.158 0 0.454681)
(10.2035 0 0.461865)
(10.2497 0 0.470023)
(10.2968 0 0.478755)
(10.345 0 0.487636)
(10.3944 0 0.496225)
(10.445 0 0.504066)
(10.4968 0 0.5107)
(10.5496 0 0.515674)
(10.6033 0 0.518548)
(10.6576 0 0.518909)
(10.7122 0 0.516382)
(10.7666 0 0.510642)
(10.8206 0 0.50143)
(10.8736 0 0.48856)
(10.925 0 0.47193)
(10.9744 0 0.451532)
(11.0213 0 0.427451)
(11.0651 0 0.39987)
(11.1054 0 0.369062)
(11.1419 0 0.33538)
(11.1741 0 0.299248)
(11.2019 0 0.261144)
(11.2251 0 0.221577)
(11.2436 0 0.181074)
(11.2575 0 0.140158)
(11.2669 0 0.0993313)
(10.0236 0 0.403956)
(10.0705 0 0.405753)
(10.1169 0 0.409146)
(10.1632 0 0.413881)
(10.2097 0 0.419661)
(10.2567 0 0.426156)
(10.3042 0 0.433011)
(10.3524 0 0.439849)
(10.4014 0 0.446285)
(10.4512 0 0.451925)
(10.5016 0 0.45638)
(10.5526 0 0.459269)
(10.6039 0 0.460234)
(10.6553 0 0.458948)
(10.7065 0 0.455121)
(10.7572 0 0.448514)
(10.807 0 0.438949)
(10.8554 0 0.426311)
(10.902 0 0.41056)
(10.9465 0 0.391731)
(10.9884 0 0.369934)
(11.0274 0 0.345355)
(11.063 0 0.318244)
(11.0951 0 0.288912)
(11.1234 0 0.257718)
(11.1478 0 0.225052)
(11.1681 0 0.191326)
(11.1845 0 0.156958)
(11.1968 0 0.122358)
(11.2053 0 0.0879146)
(10.0243 0 0.363204)
(10.0725 0 0.364648)
(10.1202 0 0.367364)
(10.1675 0 0.371132)
(10.2148 0 0.375694)
(10.2623 0 0.38076)
(10.31 0 0.386021)
(10.3581 0 0.391152)
(10.4066 0 0.39582)
(10.4555 0 0.399693)
(10.5046 0 0.402445)
(10.5538 0 0.403766)
(10.6029 0 0.403366)
(10.6517 0 0.400991)
(10.6999 0 0.396422)
(10.7472 0 0.389487)
(10.7932 0 0.380067)
(10.8377 0 0.368102)
(10.8803 0 0.353587)
(10.9207 0 0.336584)
(10.9584 0 0.317211)
(10.9934 0 0.295642)
(11.0252 0 0.2721)
(11.0538 0 0.246852)
(11.079 0 0.220194)
(11.1006 0 0.192445)
(11.1187 0 0.163936)
(11.1333 0 0.134995)
(11.1444 0 0.105942)
(11.1522 0 0.0770791)
(10.0249 0 0.320375)
(10.0742 0 0.321512)
(10.1228 0 0.323642)
(10.1709 0 0.32658)
(10.2188 0 0.330103)
(10.2667 0 0.333966)
(10.3145 0 0.337903)
(10.3624 0 0.34164)
(10.4103 0 0.344896)
(10.4582 0 0.347398)
(10.506 0 0.348876)
(10.5536 0 0.349083)
(10.6007 0 0.34779)
(10.6471 0 0.344802)
(10.6927 0 0.339958)
(10.737 0 0.333136)
(10.78 0 0.324263)
(10.8211 0 0.313311)
(10.8603 0 0.300301)
(10.8972 0 0.285303)
(10.9316 0 0.268433)
(10.9633 0 0.249846)
(10.992 0 0.229737)
(11.0178 0 0.208327)
(11.0404 0 0.185858)
(11.0599 0 0.162588)
(11.0762 0 0.138777)
(11.0894 0 0.114684)
(11.0996 0 0.0905575)
(11.1069 0 0.0666302)
(10.0253 0 0.27561)
(10.0755 0 0.276483)
(10.1249 0 0.278116)
(10.1736 0 0.280351)
(10.222 0 0.283005)
(10.27 0 0.285873)
(10.3178 0 0.288736)
(10.3654 0 0.291365)
(10.4127 0 0.293532)
(10.4598 0 0.295013)
(10.5064 0 0.295596)
(10.5525 0 0.295084)
(10.5978 0 0.293302)
(10.6422 0 0.290102)
(10.6855 0 0.285369)
(10.7273 0 0.279019)
(10.7676 0 0.27101)
(10.806 0 0.261336)
(10.8424 0 0.25003)
(10.8764 0 0.237161)
(10.9081 0 0.222836)
(10.9371 0 0.207189)
(10.9634 0 0.190381)
(10.9869 0 0.172593)
(11.0075 0 0.15402)
(11.0253 0 0.134864)
(11.0402 0 0.115331)
(11.0524 0 0.095619)
(11.0618 0 0.0759203)
(11.0687 0 0.056413)
(10.0257 0 0.229035)
(10.0765 0 0.229687)
(10.1265 0 0.2309)
(10.1757 0 0.232551)
(10.2243 0 0.23449)
(10.2725 0 0.236553)
(10.3202 0 0.238563)
(10.3675 0 0.240339)
(10.4143 0 0.241699)
(10.4605 0 0.242468)
(10.5061 0 0.24248)
(10.5509 0 0.241585)
(10.5947 0 0.239652)
(10.6373 0 0.236573)
(10.6787 0 0.232266)
(10.7185 0 0.226678)
(10.7566 0 0.219785)
(10.7927 0 0.211593)
(10.8268 0 0.202139)
(10.8586 0 0.191488)
(10.888 0 0.179729)
(10.9149 0 0.166973)
(10.9393 0 0.15335)
(10.961 0 0.139004)
(10.9801 0 0.124086)
(10.9965 0 0.108752)
(11.0104 0 0.0931597)
(11.0217 0 0.0774598)
(11.0306 0 0.061797)
(11.0372 0 0.0463051)
(10.0259 0 0.180764)
(10.0773 0 0.181231)
(10.1276 0 0.182096)
(10.1772 0 0.183264)
(10.226 0 0.184623)
(10.2742 0 0.186045)
(10.3218 0 0.187395)
(10.3688 0 0.188536)
(10.4151 0 0.189329)
(10.4607 0 0.189643)
(10.5054 0 0.189356)
(10.5491 0 0.188356)
(10.5916 0 0.18655)
(10.6329 0 0.183862)
(10.6727 0 0.180236)
(10.7108 0 0.175639)
(10.7472 0 0.170059)
(10.7815 0 0.163509)
(10.8138 0 0.156021)
(10.8438 0 0.147651)
(10.8715 0 0.138469)
(10.8968 0 0.128564)
(10.9197 0 0.118033)
(10.9401 0 0.106986)
(10.9579 0 0.0955355)
(10.9734 0 0.0837984)
(10.9864 0 0.0718892)
(10.9972 0 0.0599193)
(11.0057 0 0.0479937)
(11.012 0 0.0362097)
(10.0261 0 0.130899)
(10.0778 0 0.13121)
(10.1285 0 0.131785)
(10.1782 0 0.132557)
(10.2272 0 0.133445)
(10.2754 0 0.13436)
(10.3229 0 0.135207)
(10.3696 0 0.135889)
(10.4155 0 0.136309)
(10.4605 0 0.136377)
(10.5045 0 0.136007)
(10.5474 0 0.135124)
(10.589 0 0.133666)
(10.6292 0 0.131581)
(10.6678 0 0.128835)
(10.7047 0 0.125408)
(10.7397 0 0.121296)
(10.7728 0 0.116511)
(10.8037 0 0.11108)
(10.8324 0 0.105042)
(10.8589 0 0.0984508)
(10.883 0 0.0913682)
(10.9047 0 0.0838645)
(10.9241 0 0.0760154)
(10.9412 0 0.0678998)
(10.9559 0 0.0595976)
(10.9683 0 0.0511877)
(10.9786 0 0.0427461)
(10.9868 0 0.0343444)
(10.9931 0 0.0260484)
(10.0262 0 0.07953)
(10.0781 0 0.0797079)
(10.129 0 0.0800355)
(10.1789 0 0.0804733)
(10.228 0 0.0809732)
(10.2762 0 0.0814818)
(10.3235 0 0.0819424)
(10.3701 0 0.0822971)
(10.4157 0 0.0824891)
(10.4603 0 0.0824645)
(10.5038 0 0.0821736)
(10.5461 0 0.0815728)
(10.587 0 0.0806254)
(10.6265 0 0.0793032)
(10.6643 0 0.0775866)
(10.7004 0 0.0754656)
(10.7345 0 0.0729394)
(10.7667 0 0.0700164)
(10.7967 0 0.0667137)
(10.8246 0 0.0630565)
(10.8502 0 0.0590764)
(10.8735 0 0.0548111)
(10.8946 0 0.0503025)
(10.9133 0 0.0455955)
(10.9298 0 0.0407366)
(10.944 0 0.0357728)
(10.9561 0 0.0307502)
(10.9661 0 0.0257132)
(10.9741 0 0.0207033)
(10.9803 0 0.0157591)
(10.0263 0 0.02674)
(10.0783 0 0.0267979)
(10.1293 0 0.0269043)
(10.1792 0 0.0270462)
(10.2283 0 0.0272075)
(10.2765 0 0.0273703)
(10.3238 0 0.0275159)
(10.3703 0 0.027625)
(10.4157 0 0.0276788)
(10.4601 0 0.0276593)
(10.5034 0 0.0275503)
(10.5454 0 0.0273373)
(10.586 0 0.0270084)
(10.6251 0 0.0265545)
(10.6625 0 0.0259692)
(10.6981 0 0.0252496)
(10.7318 0 0.0243956)
(10.7635 0 0.0234103)
(10.7931 0 0.0222995)
(10.8205 0 0.0210718)
(10.8457 0 0.0197379)
(10.8687 0 0.0183103)
(10.8893 0 0.016803)
(10.9077 0 0.015231)
(10.9239 0 0.0136095)
(10.9379 0 0.0119542)
(10.9498 0 0.0102802)
(10.9597 0 0.00860215)
(10.9676 0 0.00693377)
(10.9737 0 0.00528764)
(36.2143 0 1.95745)
(35.2643 0 0.015414)
(36.1835 0 -1.92439)
(26.7553 0 3.16379)
(27.1058 0 0.0366414)
(26.7451 0 -3.08758)
(21.7776 0 1.91416)
(22.0052 0 0.0451348)
(21.7729 0 -1.82298)
(18.8746 0 1.15624)
(18.9902 0 0.0494885)
(18.8717 0 -1.05696)
(17.0198 0 0.756128)
(17.0809 0 0.0524259)
(17.0176 0 -0.651141)
(15.7472 0 0.532986)
(15.7819 0 0.054724)
(15.7454 0 -0.423456)
(14.8257 0 0.398776)
(14.8469 0 0.0566248)
(14.8243 0 -0.285464)
(14.131 0 0.312592)
(14.1447 0 0.058211)
(14.1298 0 -0.196116)
(13.5908 0 0.254253)
(13.6001 0 0.0595095)
(13.5898 0 -0.135185)
(13.1604 0 0.213039)
(13.1669 0 0.0605237)
(13.1597 0 -0.091944)
(12.8109 0 0.182857)
(12.8157 0 0.0612463)
(12.8105 0 -0.0603186)
(12.5227 0 0.160043)
(12.5264 0 0.0616641)
(12.5225 0 -0.0366703)
(12.2821 0 0.142284)
(12.2849 0 0.0617612)
(12.2821 0 -0.0187177)
(12.0791 0 0.128058)
(12.0814 0 0.0615203)
(12.0794 0 -0.00497473)
(11.9064 0 0.116331)
(11.9084 0 0.0609237)
(11.9069 0 0.00555846)
(11.7585 0 0.106376)
(11.7603 0 0.0599539)
(11.7593 0 0.0135729)
(11.6312 0 0.097671)
(11.6328 0 0.0585945)
(11.6322 0 0.0195576)
(11.5212 0 0.0898328)
(11.5227 0 0.0568306)
(11.5225 0 0.0238665)
(11.4259 0 0.082574)
(11.4273 0 0.0546493)
(11.4274 0 0.0267609)
(11.3432 0 0.0756772)
(11.3446 0 0.0520406)
(11.3449 0 0.0284382)
(11.2715 0 0.0689754)
(11.273 0 0.0489972)
(11.2735 0 0.029051)
(11.2095 0 0.0623411)
(11.211 0 0.0455164)
(11.2117 0 0.0287214)
(11.1562 0 0.0556757)
(11.1578 0 0.0415991)
(11.1586 0 0.0275494)
(11.1107 0 0.0489053)
(11.1123 0 0.0372515)
(11.1133 0 0.0256217)
(11.0724 0 0.0419755)
(11.0741 0 0.0324855)
(11.0751 0 0.0230163)
(11.0409 0 0.0348481)
(11.0425 0 0.027319)
(11.0437 0 0.0198072)
(11.0157 0 0.0275003)
(11.0174 0 0.0217777)
(11.0186 0 0.0160689)
(10.9967 0 0.0199199)
(10.9984 0 0.0158937)
(10.9997 0 0.0118776)
(10.9838 0 0.0121077)
(10.9856 0 0.0097091)
(10.987 0 0.00731665)
(10.9773 0 0.00407215)
(10.9791 0 0.00327372)
(10.9804 0 0.00247735)
(28.8109 0 -20.0489)
(17.7875 0 -14.0675)
(13.9186 0 -10.7977)
(12.1738 0 -8.72628)
(11.209 0 -7.2716)
(10.6034 0 -6.17663)
(10.1961 0 -5.31269)
(9.91238 0 -4.60837)
(9.71202 0 -4.02062)
(9.57067 0 -3.52171)
(9.4725 0 -3.09282)
(9.4066 0 -2.72059)
(9.36512 0 -2.39517)
(9.34222 0 -2.10905)
(9.33343 0 -1.85635)
(9.33527 0 -1.63232)
(9.34499 0 -1.43308)
(9.36036 0 -1.25535)
(9.37961 0 -1.09634)
(9.40127 0 -0.953633)
(9.42415 0 -0.825088)
(9.44727 0 -0.70881)
(9.46981 0 -0.603082)
(9.4911 0 -0.506334)
(9.51057 0 -0.417103)
(9.52773 0 -0.334005)
(9.54216 0 -0.2557)
(9.55347 0 -0.180858)
(9.56132 0 -0.108119)
(9.56538 0 -0.0360485)
(23.5747 0 -8.67956)
(18.7442 0 -9.31043)
(15.4916 0 -8.46199)
(13.4944 0 -7.419)
(12.2389 0 -6.46781)
(11.412 0 -5.65067)
(10.8441 0 -4.95486)
(10.442 0 -4.35943)
(10.1518 0 -3.84573)
(9.94034 0 -3.39896)
(9.78625 0 -3.00768)
(9.67487 0 -2.663)
(9.59582 0 -2.35793)
(9.54151 0 -2.08689)
(9.50624 0 -1.8453)
(9.48559 0 -1.62939)
(9.47611 0 -1.43595)
(9.47506 0 -1.26224)
(9.48023 0 -1.10585)
(9.48982 0 -0.964681)
(9.50237 0 -0.836833)
(9.51668 0 -0.720597)
(9.53175 0 -0.614404)
(9.54676 0 -0.516799)
(9.56102 0 -0.42641)
(9.57394 0 -0.341923)
(9.58503 0 -0.262052)
(9.59385 0 -0.185508)
(9.60003 0 -0.110963)
(9.60324 0 -0.0370081)
(20.3666 0 -4.49654)
(17.9701 0 -5.9862)
(15.779 0 -6.24988)
(14.0996 0 -5.97516)
(12.8797 0 -5.5064)
(12.0004 0 -4.99274)
(11.3608 0 -4.49361)
(10.8895 0 -4.03023)
(10.5383 0 -3.60811)
(10.2747 0 -3.22662)
(10.0763 0 -2.88287)
(9.92707 0 -2.57333)
(9.81574 0 -2.29453)
(9.73373 0 -2.04322)
(9.6746 0 -1.8165)
(9.63334 0 -1.61173)
(9.60602 0 -1.42658)
(9.58952 0 -1.25893)
(9.5813 0 -1.10688)
(9.57931 0 -0.968677)
(9.58187 0 -0.842733)
(9.5876 0 -0.72756)
(9.59536 0 -0.621772)
(9.60417 0 -0.524057)
(9.61327 0 -0.433156)
(9.62197 0 -0.347846)
(9.62972 0 -0.266912)
(9.63605 0 -0.189122)
(9.64056 0 -0.113196)
(9.64292 0 -0.0377651)
(18.188 0 -2.62455)
(16.8992 0 -3.94309)
(15.4894 0 -4.54811)
(14.2246 0 -4.68304)
(13.1868 0 -4.55486)
(12.3682 0 -4.2958)
(11.7323 0 -3.98102)
(11.2403 0 -3.65073)
(10.8594 0 -3.32555)
(10.5641 0 -3.01553)
(10.335 0 -2.72513)
(10.1574 0 -2.45586)
(10.0204 0 -2.20768)
(9.91535 0 -1.9798)
(9.83574 0 -1.77103)
(9.77633 0 -1.58002)
(9.73297 0 -1.40535)
(9.70234 0 -1.24563)
(9.6817 0 -1.0995)
(9.66885 0 -0.965619)
(9.66193 0 -0.842734)
(9.65945 0 -0.729618)
(9.66014 0 -0.625093)
(9.66295 0 -0.528013)
(9.667 0 -0.437252)
(9.67156 0 -0.351695)
(9.67602 0 -0.270214)
(9.67988 0 -0.191651)
(9.68273 0 -0.114787)
(9.68426 0 -0.0383093)
(16.6516 0 -1.66671)
(15.91 0 -2.69329)
(15.0001 0 -3.32931)
(14.0864 0 -3.63523)
(13.2599 0 -3.7069)
(12.5539 0 -3.62911)
(11.9696 0 -3.4636)
(11.4942 0 -3.25122)
(11.1109 0 -3.01764)
(10.8034 0 -2.77845)
(10.5575 0 -2.54287)
(10.3616 0 -2.31615)
(10.2061 0 -2.10111)
(10.0834 0 -1.89911)
(9.98721 0 -1.71056)
(9.91255 0 -1.53534)
(9.85533 0 -1.37298)
(9.81218 0 -1.22279)
(9.78034 0 -1.08397)
(9.75752 0 -0.955644)
(9.74181 0 -0.836893)
(9.73162 0 -0.726775)
(9.72561 0 -0.624339)
(9.72267 0 -0.52862)
(9.72186 0 -0.438644)
(9.72242 0 -0.353417)
(9.72368 0 -0.271913)
(9.72514 0 -0.19306)
(9.72637 0 -0.115715)
(9.72707 0 -0.0386331)
(15.5323 0 -1.12444)
(15.0795 0 -1.90585)
(14.48 0 -2.47245)
(13.827 0 -2.82366)
(13.1895 0 -2.99479)
(12.6071 0 -3.03117)
(12.0968 0 -2.97422)
(11.6612 0 -2.85669)
(11.2955 0 -2.70245)
(10.992 0 -2.52815)
(10.7419 0 -2.34502)
(10.5372 0 -2.16044)
(10.3705 0 -1.97917)
(10.2356 0 -1.80417)
(10.127 0 -1.63719)
(10.0403 0 -1.47916)
(9.97161 0 -1.33045)
(9.9178 0 -1.19107)
(9.87617 0 -1.06074)
(9.84447 0 -0.939034)
(9.82078 0 -0.825378)
(9.80349 0 -0.719121)
(9.79125 0 -0.619546)
(9.78291 0 -0.525883)
(9.77751 0 -0.437318)
(9.77424 0 -0.352989)
(9.77244 0 -0.271984)
(9.77158 0 -0.193327)
(9.77124 0 -0.115964)
(9.77115 0 -0.0387315)
(14.6916 0 -0.792089)
(14.4006 0 -1.39019)
(13.995 0 -1.86701)
(13.5264 0 -2.20633)
(13.0411 0 -2.41589)
(12.5726 0 -2.5162)
(12.1412 0 -2.53151)
(11.7564 0 -2.48458)
(11.4209 0 -2.39441)
(11.133 0 -2.27587)
(10.8889 0 -2.14005)
(10.6836 0 -1.995)
(10.5124 0 -1.84644)
(10.3705 0 -1.69833)
(10.2537 0 -1.55334)
(10.1581 0 -1.41322)
(10.0806 0 -1.27903)
(10.0181 0 -1.15136)
(9.96823 0 -1.03043)
(9.92885 0 -0.916209)
(9.89812 0 -0.808468)
(9.87446 0 -0.706834)
(9.85655 0 -0.610824)
(9.84323 0 -0.519863)
(9.83355 0 -0.433302)
(9.82669 0 -0.35042)
(9.822 0 -0.270424)
(9.81894 0 -0.192447)
(9.81711 0 -0.115529)
(9.81626 0 -0.0386025)
(14.0426 0 -0.575275)
(13.8475 0 -1.0393)
(13.5655 0 -1.43265)
(13.2256 0 -1.73816)
(12.8571 0 -1.95275)
(12.485 0 -2.08348)
(12.1275 0 -2.14284)
(11.7961 0 -2.14503)
(11.4969 0 -2.10363)
(11.232 0 -2.03048)
(11.001 0 -1.93527)
(10.8018 0 -1.82563)
(10.6317 0 -1.70743)
(10.4876 0 -1.58502)
(10.3664 0 -1.46159)
(10.2652 0 -1.33943)
(10.1813 0 -1.22012)
(10.1121 0 -1.10469)
(10.0557 0 -0.993782)
(10.0099 0 -0.887706)
(9.97317 0 -0.786542)
(9.94396 0 -0.690176)
(9.921 0 -0.598347)
(9.90319 0 -0.510673)
(9.8896 0 -0.426667)
(9.87944 0 -0.34575)
(9.87206 0 -0.267257)
(9.86695 0 -0.19043)
(9.86372 0 -0.114415)
(9.86215 0 -0.0382472)
(13.5301 0 -0.426733)
(13.3944 0 -0.792131)
(13.1935 0 -1.11507)
(12.9434 0 -1.38128)
(12.6626 0 -1.58439)
(12.3686 0 -1.72495)
(12.0759 0 -1.80828)
(11.7953 0 -1.8424)
(11.5338 0 -1.83618)
(11.2956 0 -1.79827)
(11.0822 0 -1.73644)
(10.8938 0 -1.65728)
(10.7292 0 -1.5662)
(10.5869 0 -1.46749)
(10.4648 0 -1.36451)
(10.3609 0 -1.2598)
(10.273 0 -1.15525)
(10.1993 0 -1.05223)
(10.1379 0 -0.951667)
(10.087 0 -0.854169)
(10.0454 0 -0.760069)
(10.0114 0 -0.669483)
(9.98411 0 -0.582354)
(9.96236 0 -0.498477)
(9.94529 0 -0.417523)
(9.93214 0 -0.339054)
(9.92231 0 -0.262528)
(9.91532 0 -0.187304)
(9.9108 0 -0.112637)
(9.90857 0 -0.0376699)
(13.1174 0 -0.320963)
(13.0203 0 -0.612756)
(12.8739 0 -0.878337)
(12.6872 0 -1.10674)
(12.4718 0 -1.29135)
(12.2395 0 -1.42992)
(12.0013 0 -1.52385)
(11.7662 0 -1.57705)
(11.5411 0 -1.59486)
(11.3305 0 -1.58316)
(11.1372 0 -1.54773)
(10.9625 0 -1.49386)
(10.8068 0 -1.42621)
(10.6693 0 -1.34869)
(10.5492 0 -1.26452)
(10.4451 0 -1.17627)
(10.3555 0 -1.08598)
(10.279 0 -0.995182)
(10.2142 0 -0.905022)
(10.1597 0 -0.816313)
(10.1141 0 -0.72959)
(10.0764 0 -0.64516)
(10.0455 0 -0.563142)
(10.0203 0 -0.483491)
(10.0002 0 -0.406024)
(9.98445 0 -0.330436)
(9.97244 0 -0.256307)
(9.96375 0 -0.183112)
(9.95807 0 -0.110217)
(9.95524 0 -0.0368782)
(12.7797 0 -0.243321)
(12.7085 0 -0.47925)
(12.5997 0 -0.698625)
(12.4584 0 -0.893257)
(12.2918 0 -1.05732)
(12.1078 0 -1.18769)
(11.9145 0 -1.28376)
(11.7188 0 -1.34696)
(11.5268 0 -1.38018)
(11.343 0 -1.3871)
(11.1704 0 -1.37179)
(11.0112 0 -1.33825)
(10.8663 0 -1.29024)
(10.7361 0 -1.23112)
(10.6202 0 -1.16378)
(10.518 0 -1.09068)
(10.4287 0 -1.01381)
(10.3512 0 -0.934771)
(10.2845 0 -0.854821)
(10.2275 0 -0.774903)
(10.1791 0 -0.695698)
(10.1385 0 -0.617661)
(10.1046 0 -0.541054)
(10.0767 0 -0.46597)
(10.054 0 -0.392356)
(10.036 0 -0.320029)
(10.0221 0 -0.248686)
(10.0119 0 -0.177914)
(10.0052 0 -0.10719)
(10.0019 0 -0.0358829)
(12.4997 0 -0.18494)
(12.4465 0 -0.37776)
(12.3642 0 -0.559938)
(12.2559 0 -0.725404)
(12.1259 0 -0.869371)
(11.9796 0 -0.988672)
(11.8226 0 -1.08182)
(11.6604 0 -1.14887)
(11.4977 0 -1.19108)
(11.3387 0 -1.21059)
(11.1864 0 -1.21005)
(11.0431 0 -1.19235)
(10.9103 0 -1.16035)
(10.7888 0 -1.1168)
(10.6788 0 -1.06417)
(10.5802 0 -1.00467)
(10.4927 0 -0.940144)
(10.4157 0 -0.872174)
(10.3484 0 -0.80203)
(10.2901 0 -0.730722)
(10.24 0 -0.659018)
(10.1973 0 -0.587477)
(10.1612 0 -0.516471)
(10.1311 0 -0.446204)
(10.1064 0 -0.376736)
(10.0865 0 -0.307993)
(10.071 0 -0.239778)
(10.0596 0 -0.171785)
(10.052 0 -0.103598)
(10.0482 0 -0.0346976)
(12.2649 0 -0.14021)
(12.2245 0 -0.299249)
(12.1614 0 -0.45135)
(12.0774 0 -0.592014)
(11.9751 0 -0.717424)
(11.8582 0 -0.824725)
(11.7305 0 -0.912159)
(11.5962 0 -0.979053)
(11.459 0 -1.0257)
(11.3223 0 -1.05315)
(11.1891 0 -1.06301)
(11.0614 0 -1.05725)
(10.9411 0 -1.03796)
(10.8291 0 -1.00726)
(10.7261 0 -0.967197)
(10.6325 0 -0.919636)
(10.5481 0 -0.866248)
(10.4728 0 -0.808487)
(10.4061 0 -0.747581)
(10.3475 0 -0.684544)
(10.2966 0 -0.620183)
(10.2526 0 -0.555118)
(10.215 0 -0.489796)
(10.1834 0 -0.42451)
(10.157 0 -0.359407)
(10.1357 0 -0.294507)
(10.1189 0 -0.229712)
(10.1064 0 -0.16481)
(10.0981 0 -0.0994893)
(10.0939 0 -0.0333385)
(12.0663 0 -0.105448)
(12.0352 0 -0.237636)
(11.9863 0 -0.365261)
(11.9204 0 -0.484967)
(11.8393 0 -0.593753)
(11.7453 0 -0.689185)
(11.6412 0 -0.769527)
(11.5299 0 -0.833791)
(11.4145 0 -0.88171)
(11.2976 0 -0.913645)
(11.1817 0 -0.930463)
(11.0689 0 -0.933397)
(10.9609 0 -0.923912)
(10.8588 0 -0.903588)
(10.7635 0 -0.87402)
(10.6756 0 -0.836749)
(10.5953 0 -0.793209)
(10.5227 0 -0.744693)
(10.4576 0 -0.692337)
(10.3997 0 -0.637109)
(10.3487 0 -0.579814)
(10.3042 0 -0.521096)
(10.2658 0 -0.461447)
(10.2331 0 -0.401217)
(10.2056 0 -0.340626)
(10.1832 0 -0.279769)
(10.1654 0 -0.21863)
(10.1521 0 -0.157087)
(10.1432 0 -0.0949216)
(10.1387 0 -0.0318242)
(11.8969 0 -0.0781551)
(11.8728 0 -0.188728)
(11.8344 0 -0.296284)
(11.7823 0 -0.398301)
(11.7175 0 -0.492436)
(11.6416 0 -0.57667)
(11.5565 0 -0.649423)
(11.4643 0 -0.709622)
(11.3672 0 -0.756714)
(11.2675 0 -0.790634)
(11.1672 0 -0.811745)
(11.0682 0 -0.820753)
(10.9719 0 -0.818618)
(10.8796 0 -0.806459)
(10.7923 0 -0.785482)
(10.7106 0 -0.756909)
(10.6351 0 -0.721926)
(10.5659 0 -0.681643)
(10.5031 0 -0.637071)
(10.4466 0 -0.589103)
(10.3963 0 -0.538504)
(10.352 0 -0.485913)
(10.3133 0 -0.431837)
(10.2801 0 -0.376664)
(10.252 0 -0.320661)
(10.2288 0 -0.263984)
(10.2103 0 -0.206686)
(10.1964 0 -0.148721)
(10.1871 0 -0.0899554)
(10.1823 0 -0.0301747)
(11.7516 0 -0.056593)
(11.7328 0 -0.149559)
(11.7025 0 -0.240529)
(11.661 0 -0.327594)
(11.6089 0 -0.408923)
(11.5473 0 -0.48287)
(11.4774 0 -0.54806)
(11.4008 0 -0.603452)
(11.3192 0 -0.648373)
(11.2343 0 -0.682519)
(11.1478 0 -0.705928)
(11.0612 0 -0.718934)
(10.9759 0 -0.722115)
(10.8931 0 -0.716225)
(10.8137 0 -0.702136)
(10.7386 0 -0.680781)
(10.6682 0 -0.653109)
(10.6029 0 -0.620044)
(10.543 0 -0.582455)
(10.4885 0 -0.541139)
(10.4395 0 -0.496798)
(10.3959 0 -0.45004)
(10.3575 0 -0.401368)
(10.3242 0 -0.351182)
(10.2958 0 -0.29978)
(10.2723 0 -0.247362)
(10.2534 0 -0.194035)
(10.2391 0 -0.13982)
(10.2294 0 -0.0846548)
(10.2245 0 -0.0284112)
(11.6263 0 -0.0395212)
(11.6116 0 -0.117991)
(11.5875 0 -0.195144)
(11.5543 0 -0.269525)
(11.5122 0 -0.339704)
(11.4619 0 -0.404348)
(11.4044 0 -0.462288)
(11.3406 0 -0.512577)
(11.272 0 -0.55452)
(11.1998 0 -0.587693)
(11.1253 0 -0.611935)
(11.0499 0 -0.627334)
(10.9746 0 -0.634189)
(10.9007 0 -0.632972)
(10.829 0 -0.624284)
(10.7603 0 -0.608811)
(10.6953 0 -0.587288)
(10.6343 0 -0.560458)
(10.5777 0 -0.52905)
(10.5257 0 -0.493749)
(10.4784 0 -0.455184)
(10.436 0 -0.413913)
(10.3983 0 -0.370415)
(10.3653 0 -0.325088)
(10.3371 0 -0.278244)
(10.3134 0 -0.23011)
(10.2943 0 -0.180836)
(10.2799 0 -0.130493)
(10.2701 0 -0.079085)
(10.2651 0 -0.0265553)
(11.518 0 -0.0260363)
(11.5064 0 -0.0924482)
(11.4873 0 -0.158)
(11.4605 0 -0.221575)
(11.4263 0 -0.282049)
(11.3851 0 -0.338352)
(11.3376 0 -0.389506)
(11.2844 0 -0.434677)
(11.2266 0 -0.473201)
(11.1652 0 -0.504612)
(11.1011 0 -0.52864)
(11.0356 0 -0.545214)
(10.9694 0 -0.55444)
(10.9038 0 -0.556581)
(10.8393 0 -0.552026)
(10.777 0 -0.541258)
(10.7172 0 -0.524825)
(10.6606 0 -0.503309)
(10.6075 0 -0.4773)
(10.5584 0 -0.447376)
(10.5132 0 -0.414081)
(10.4723 0 -0.377916)
(10.4357 0 -0.339322)
(10.4034 0 -0.298679)
(10.3756 0 -0.2563)
(10.3521 0 -0.212428)
(10.3331 0 -0.167241)
(10.3186 0 -0.12085)
(10.3087 0 -0.0733102)
(10.3037 0 -0.0246283)
(11.424 0 -0.015467)
(11.415 0 -0.0717532)
(11.3997 0 -0.127487)
(11.3781 0 -0.181803)
(11.3502 0 -0.233821)
(11.3163 0 -0.282679)
(11.2769 0 -0.327568)
(11.2325 0 -0.367771)
(11.1837 0 -0.402684)
(11.1314 0 -0.43184)
(11.0764 0 -0.454923)
(11.0195 0 -0.471766)
(10.9615 0 -0.482349)
(10.9033 0 -0.486784)
(10.8457 0 -0.4853)
(10.7892 0 -0.478219)
(10.7347 0 -0.465933)
(10.6825 0 -0.448885)
(10.6331 0 -0.427541)
(10.5869 0 -0.402372)
(10.5441 0 -0.373839)
(10.505 0 -0.342378)
(10.4697 0 -0.308387)
(10.4384 0 -0.272218)
(10.4112 0 -0.234173)
(10.3882 0 -0.1945)
(10.3694 0 -0.153392)
(10.3551 0 -0.110991)
(10.3453 0 -0.0673917)
(10.3403 0 -0.0226508)
(11.3425 0 -0.00730516)
(11.3355 0 -0.0550076)
(11.3233 0 -0.102364)
(11.3058 0 -0.148702)
(11.283 0 -0.193327)
(11.2551 0 -0.235548)
(11.2223 0 -0.274702)
(11.185 0 -0.310179)
(11.1438 0 -0.341447)
(11.0992 0 -0.368068)
(11.0519 0 -0.389712)
(11.0025 0 -0.406164)
(10.9517 0 -0.417324)
(10.9003 0 -0.423204)
(10.8488 0 -0.423916)
(10.798 0 -0.419657)
(10.7484 0 -0.410697)
(10.7005 0 -0.397359)
(10.6548 0 -0.379999)
(10.6116 0 -0.358996)
(10.5713 0 -0.334729)
(10.5342 0 -0.307568)
(10.5005 0 -0.277864)
(10.4703 0 -0.245935)
(10.444 0 -0.212063)
(10.4215 0 -0.176492)
(10.4032 0 -0.139421)
(10.3891 0 -0.101012)
(10.3794 0 -0.0613863)
(10.3745 0 -0.0206418)
(11.2718 0 -0.00115839)
(11.2665 0 -0.0415153)
(11.2568 0 -0.0816639)
(11.2426 0 -0.12108)
(11.2238 0 -0.159214)
(11.2007 0 -0.195514)
(11.1734 0 -0.229438)
(11.1421 0 -0.260475)
(11.1071 0 -0.288165)
(11.069 0 -0.312111)
(11.0283 0 -0.331995)
(10.9854 0 -0.347584)
(10.9409 0 -0.358735)
(10.8955 0 -0.365394)
(10.8496 0 -0.36759)
(10.8039 0 -0.365431)
(10.7589 0 -0.359089)
(10.7151 0 -0.348792)
(10.673 0 -0.334805)
(10.6328 0 -0.317421)
(10.5951 0 -0.296947)
(10.5601 0 -0.273691)
(10.528 0 -0.247954)
(10.4992 0 -0.220016)
(10.4738 0 -0.190137)
(10.4521 0 -0.158546)
(10.4343 0 -0.125441)
(10.4206 0 -0.0909932)
(10.4111 0 -0.0553442)
(10.4063 0 -0.0186181)
(11.2107 0 0.00328299)
(11.2067 0 -0.0307268)
(11.199 0 -0.0646194)
(11.1875 0 -0.0979842)
(11.1721 0 -0.130389)
(11.1529 0 -0.16139)
(11.13 0 -0.190548)
(11.1035 0 -0.217441)
(11.0739 0 -0.241675)
(11.0412 0 -0.262904)
(11.006 0 -0.280833)
(10.9687 0 -0.295232)
(10.9297 0 -0.305937)
(10.8895 0 -0.312857)
(10.8487 0 -0.315968)
(10.8077 0 -0.315312)
(10.7669 0 -0.31099)
(10.7269 0 -0.303154)
(10.6881 0 -0.291995)
(10.6509 0 -0.277735)
(10.6157 0 -0.260616)
(10.5828 0 -0.240888)
(10.5524 0 -0.218803)
(10.525 0 -0.194606)
(10.5007 0 -0.168526)
(10.4799 0 -0.140776)
(10.4627 0 -0.111545)
(10.4493 0 -0.0810051)
(10.4402 0 -0.0493078)
(10.4355 0 -0.0165942)
(11.1581 0 0.00626859)
(11.1552 0 -0.0222001)
(11.1491 0 -0.0506103)
(11.1398 0 -0.0786409)
(11.1271 0 -0.105951)
(11.1111 0 -0.132188)
(11.0918 0 -0.156997)
(11.0694 0 -0.180031)
(11.044 0 -0.200963)
(11.016 0 -0.219492)
(10.9855 0 -0.235357)
(10.9529 0 -0.248342)
(10.9186 0 -0.258282)
(10.8831 0 -0.265067)
(10.8466 0 -0.268641)
(10.8097 0 -0.269003)
(10.7728 0 -0.266202)
(10.7363 0 -0.260332)
(10.7007 0 -0.251527)
(10.6662 0 -0.239949)
(10.6334 0 -0.225785)
(10.6025 0 -0.209234)
(10.5739 0 -0.190504)
(10.5479 0 -0.169801)
(10.5247 0 -0.147325)
(10.5047 0 -0.123267)
(10.4882 0 -0.0978043)
(10.4753 0 -0.0711008)
(10.4665 0 -0.0433103)
(10.4619 0 -0.0145812)
(11.1133 0 0.00800608)
(11.1113 0 -0.0155705)
(11.1065 0 -0.0391251)
(11.0989 0 -0.0624077)
(11.0884 0 -0.0851508)
(11.075 0 -0.107076)
(11.0587 0 -0.127898)
(11.0396 0 -0.147339)
(11.0178 0 -0.165125)
(10.9935 0 -0.181007)
(10.9669 0 -0.194758)
(10.9383 0 -0.206184)
(10.9081 0 -0.215129)
(10.8764 0 -0.221479)
(10.8438 0 -0.225162)
(10.8105 0 -0.22615)
(10.777 0 -0.224458)
(10.7437 0 -0.220139)
(10.7109 0 -0.213281)
(10.679 0 -0.204)
(10.6484 0 -0.192435)
(10.6195 0 -0.178744)
(10.5925 0 -0.163091)
(10.5678 0 -0.145649)
(10.5458 0 -0.126587)
(10.5267 0 -0.106073)
(10.5108 0 -0.0842648)
(10.4985 0 -0.0613162)
(10.4899 0 -0.0373746)
(10.4856 0 -0.0125872)
(11.0755 0 0.00867357)
(11.0742 0 -0.0105295)
(11.0705 0 -0.0297319)
(11.0644 0 -0.0487406)
(11.0556 0 -0.0673481)
(11.0443 0 -0.0853366)
(11.0304 0 -0.102483)
(11.0139 0 -0.118562)
(10.9951 0 -0.133357)
(10.9739 0 -0.14666)
(10.9505 0 -0.158282)
(10.9253 0 -0.168055)
(10.8984 0 -0.175841)
(10.8701 0 -0.181531)
(10.8407 0 -0.185049)
(10.8105 0 -0.186353)
(10.78 0 -0.185436)
(10.7494 0 -0.182324)
(10.7191 0 -0.17707)
(10.6895 0 -0.169755)
(10.6609 0 -0.160482)
(10.6338 0 -0.149368)
(10.6083 0 -0.136545)
(10.5849 0 -0.122151)
(10.564 0 -0.106326)
(10.5457 0 -0.0892115)
(10.5305 0 -0.070947)
(10.5186 0 -0.0516689)
(10.5104 0 -0.0315126)
(10.5062 0 -0.0106162)
(11.0443 0 0.00842966)
(11.0437 0 -0.00680749)
(11.0408 0 -0.0220548)
(11.0358 0 -0.037166)
(11.0284 0 -0.0519833)
(11.0188 0 -0.06634)
(11.0068 0 -0.0800637)
(10.9925 0 -0.0929805)
(10.9759 0 -0.104919)
(10.9572 0 -0.115714)
(10.9365 0 -0.125212)
(10.914 0 -0.133276)
(10.8898 0 -0.139787)
(10.8642 0 -0.144649)
(10.8375 0 -0.147791)
(10.81 0 -0.149167)
(10.782 0 -0.148759)
(10.7537 0 -0.146574)
(10.7256 0 -0.142642)
(10.698 0 -0.137019)
(10.6712 0 -0.129775)
(10.6456 0 -0.120999)
(10.6215 0 -0.11079)
(10.5993 0 -0.0992565)
(10.5793 0 -0.0865103)
(10.5618 0 -0.0726675)
(10.5472 0 -0.0578442)
(10.5358 0 -0.0421571)
(10.5278 0 -0.0257243)
(10.5238 0 -0.00866842)
(11.0195 0 0.00742248)
(11.0193 0 -0.00415929)
(11.0171 0 -0.0157549)
(11.0129 0 -0.0272575)
(11.0067 0 -0.0385511)
(10.9983 0 -0.0495128)
(10.9878 0 -0.0600148)
(10.9751 0 -0.0699273)
(10.9604 0 -0.079121)
(10.9436 0 -0.0874707)
(10.925 0 -0.0948583)
(10.9046 0 -0.101176)
(10.8826 0 -0.106329)
(10.8592 0 -0.11024)
(10.8347 0 -0.112846)
(10.8092 0 -0.114106)
(10.7832 0 -0.113998)
(10.7569 0 -0.112519)
(10.7305 0 -0.109686)
(10.7046 0 -0.105531)
(10.6793 0 -0.100105)
(10.655 0 -0.0934697)
(10.632 0 -0.0856972)
(10.6108 0 -0.0768684)
(10.5916 0 -0.0670694)
(10.5748 0 -0.0563899)
(10.5608 0 -0.0449217)
(10.5497 0 -0.0327588)
(10.5421 0 -0.0199978)
(10.5381 0 -0.00674019)
(11.0008 0 0.00579497)
(11.0009 0 -0.0023537)
(10.9992 0 -0.0105153)
(10.9957 0 -0.0186167)
(10.9902 0 -0.0265787)
(10.9828 0 -0.0343167)
(10.9733 0 -0.0417425)
(10.9619 0 -0.0487661)
(10.9485 0 -0.0552974)
(10.9332 0 -0.0612482)
(10.9161 0 -0.0665349)
(10.8973 0 -0.0710802)
(10.8769 0 -0.0748153)
(10.8552 0 -0.0776818)
(10.8323 0 -0.0796334)
(10.8085 0 -0.0806365)
(10.784 0 -0.0806711)
(10.7591 0 -0.0797312)
(10.7342 0 -0.077824)
(10.7094 0 -0.0749694)
(10.6853 0 -0.0711986)
(10.662 0 -0.0665527)
(10.64 0 -0.0610811)
(10.6196 0 -0.0548396)
(10.601 0 -0.0478886)
(10.5848 0 -0.0402923)
(10.5712 0 -0.0321171)
(10.5605 0 -0.0234321)
(10.553 0 -0.0143088)
(10.5492 0 -0.00482356)
(10.9881 0 0.00369324)
(10.9885 0 -0.0011613)
(10.9871 0 -0.00602476)
(10.984 0 -0.0108545)
(10.9791 0 -0.0156041)
(10.9722 0 -0.020224)
(10.9635 0 -0.0246625)
(10.9529 0 -0.0288664)
(10.9404 0 -0.0327824)
(10.9261 0 -0.036358)
(10.91 0 -0.0395431)
(10.8922 0 -0.0422913)
(10.873 0 -0.0445606)
(10.8523 0 -0.0463151)
(10.8306 0 -0.0475257)
(10.8078 0 -0.0481709)
(10.7844 0 -0.0482371)
(10.7605 0 -0.0477187)
(10.7365 0 -0.0466185)
(10.7127 0 -0.0449467)
(10.6893 0 -0.0427205)
(10.6668 0 -0.0399632)
(10.6454 0 -0.0367035)
(10.6255 0 -0.0329741)
(10.6075 0 -0.0288111)
(10.5916 0 -0.0242529)
(10.5783 0 -0.0193401)
(10.5678 0 -0.0141147)
(10.5605 0 -0.00862108)
(10.5567 0 -0.00290654)
(10.9817 0 0.00127123)
(10.9821 0 -0.00034473)
(10.9809 0 -0.00196387)
(10.978 0 -0.00357212)
(10.9733 0 -0.00515419)
(10.9669 0 -0.00669374)
(10.9585 0 -0.00817364)
(10.9483 0 -0.0095763)
(10.9363 0 -0.010884)
(10.9224 0 -0.0120794)
(10.9068 0 -0.0131456)
(10.8896 0 -0.0140672)
(10.8709 0 -0.01483)
(10.8509 0 -0.015422)
(10.8296 0 -0.0158331)
(10.8075 0 -0.016056)
(10.7846 0 -0.0160858)
(10.7612 0 -0.0159204)
(10.7377 0 -0.0155604)
(10.7143 0 -0.0150089)
(10.6914 0 -0.0142714)
(10.6692 0 -0.0133555)
(10.6482 0 -0.0122705)
(10.6286 0 -0.0110273)
(10.6108 0 -0.00963794)
(10.5951 0 -0.0081152)
(10.5819 0 -0.00647269)
(10.5716 0 -0.00472466)
(10.5644 0 -0.00288609)
(10.5606 0 -0.000973084)
)
;

boundaryField
{
    inlet
    {
        type            fixedValue;
        value           uniform (10 0 0);
    }
    outlet
    {
        type            zeroGradient;
    }
    flap
    {
        type            movingWallVelocity;
        value           uniform (0 0 0);
    }
    upperWall
    {
        type            noSlip;
    }
    lowerWall
    {
        type            noSlip;
    }
    frontAndBack
    {
        type            empty;
    }
}


// ************************************************************************* //
